country,date,arrivals,arrivals_male,arrivals_female
ALL,2020-01-01,2923053,1598823,1324230
ALL,2020-02-01,1997322,1186644,810678
ALL,2020-03-01,1065039,638642,426397
ALL,2020-04-01,15077,14086,991
ALL,2020-05-01,14282,13195,1087
ALL,2020-06-01,14400,13103,1297
ALL,2020-07-01,20345,17607,2738
ALL,2020-08-01,22229,19152,3077
ALL,2020-09-01,22642,19814,2828
ALL,2020-10-01,22749,20108,2641
ALL,2020-11-01,24973,22337,2636
ALL,2020-12-01,29897,27721,2176
ALL,2021-01-01,35867,33715,2152
ALL,2021-02-01,33309,31254,2055
ALL,2021-03-01,42434,38999,3435
ALL,2021-04-01,37880,34692,3188
ALL,2021-05-01,35434,33309,2125
ALL,2021-06-01,29607,28412,1195
ALL,2021-07-01,31331,29497,1834
ALL,2021-08-01,31658,29346,2312
ALL,2021-09-01,35017,32647,2370
ALL,2021-10-01,38564,34973,3591
ALL,2021-11-01,42323,37529,4794
ALL,2021-12-01,77135,60339,16796
ALL,2022-01-01,76559,60079,16480
ALL,2022-02-01,68753,55801,12952
ALL,2022-03-01,92455,72545,19910
ALL,2022-04-01,604690,382594,222096
ALL,2022-05-01,1037181,633842,403339
ALL,2022-06-01,1389092,813559,575533
ALL,2022-07-01,1699890,986785,713105
ALL,2022-08-01,1808373,1059751,748622
ALL,2022-09-01,1900183,1095258,804925
ALL,2022-10-01,2022369,1156405,865964
ALL,2022-11-01,2048419,1177765,870654
ALL,2022-12-01,2400548,1306834,1093714
ALL,2023-01-01,2234972,1254853,980119
ALL,2023-02-01,2047306,1187808,859498
ALL,2023-03-01,2388103,1355674,1032429
ALL,2023-04-01,2282367,1259274,1023093
ALL,2023-05-01,2416296,1375694,1040602
ALL,2023-06-01,2399593,1318503,1081090
ALL,2023-07-01,2829817,1550303,1279514
ALL,2023-08-01,2701427,1511318,1190109
ALL,2023-09-01,2718469,1514846,1203623
ALL,2023-10-01,2656279,1479097,1177182
ALL,2023-11-01,2663169,1473022,1190147
ABW,2020-01-01,0,0,0
ABW,2020-02-01,0,0,0
ABW,2020-03-01,0,0,0
ABW,2020-04-01,0,0,0
ABW,2020-05-01,0,0,0
ABW,2020-06-01,0,0,0
ABW,2020-07-01,0,0,0
ABW,2020-08-01,0,0,0
ABW,2020-09-01,0,0,0
ABW,2020-10-01,0,0,0
ABW,2020-11-01,0,0,0
ABW,2020-12-01,0,0,0
ABW,2021-01-01,0,0,0
ABW,2021-02-01,0,0,0
ABW,2021-03-01,0,0,0
ABW,2021-04-01,0,0,0
ABW,2021-05-01,0,0,0
ABW,2021-06-01,0,0,0
ABW,2021-07-01,0,0,0
ABW,2021-08-01,0,0,0
ABW,2021-09-01,0,0,0
ABW,2021-10-01,0,0,0
ABW,2021-11-01,0,0,0
ABW,2021-12-01,0,0,0
ABW,2022-01-01,0,0,0
ABW,2022-02-01,0,0,0
ABW,2022-03-01,0,0,0
ABW,2022-04-01,1,0,1
ABW,2022-05-01,0,0,0
ABW,2022-06-01,1,0,1
ABW,2022-07-01,0,0,0
ABW,2022-08-01,0,0,0
ABW,2022-09-01,0,0,0
ABW,2022-10-01,0,0,0
ABW,2022-11-01,0,0,0
ABW,2022-12-01,0,0,0
ABW,2023-01-01,0,0,0
ABW,2023-02-01,0,0,0
ABW,2023-03-01,0,0,0
ABW,2023-04-01,0,0,0
ABW,2023-05-01,0,0,0
ABW,2023-06-01,0,0,0
ABW,2023-07-01,0,0,0
ABW,2023-08-01,0,0,0
ABW,2023-09-01,0,0,0
ABW,2023-10-01,0,0,0
ABW,2023-11-01,0,0,0
AFG,2020-01-01,183,162,21
AFG,2020-02-01,254,191,63
AFG,2020-03-01,87,71,16
AFG,2020-04-01,0,0,0
AFG,2020-05-01,1,1,0
AFG,2020-06-01,1,1,0
AFG,2020-07-01,6,3,3
AFG,2020-08-01,2,2,0
AFG,2020-09-01,12,7,5
AFG,2020-10-01,12,7,5
AFG,2020-11-01,4,4,0
AFG,2020-12-01,2,2,0
AFG,2021-01-01,15,10,5
AFG,2021-02-01,17,15,2
AFG,2021-03-01,36,29,7
AFG,2021-04-01,30,26,4
AFG,2021-05-01,26,18,8
AFG,2021-06-01,6,3,3
AFG,2021-07-01,10,7,3
AFG,2021-08-01,15,12,3
AFG,2021-09-01,8,4,4
AFG,2021-10-01,16,11,5
AFG,2021-11-01,57,36,21
AFG,2021-12-01,68,44,24
AFG,2022-01-01,65,52,13
AFG,2022-02-01,76,53,23
AFG,2022-03-01,94,64,30
AFG,2022-04-01,103,78,25
AFG,2022-05-01,127,94,33
AFG,2022-06-01,102,73,29
AFG,2022-07-01,63,44,19
AFG,2022-08-01,74,50,24
AFG,2022-09-01,51,45,6
AFG,2022-10-01,48,31,17
AFG,2022-11-01,27,21,6
AFG,2022-12-01,35,29,6
AFG,2023-01-01,60,49,11
AFG,2023-02-01,40,36,4
AFG,2023-03-01,30,26,4
AFG,2023-04-01,35,27,8
AFG,2023-05-01,54,38,16
AFG,2023-06-01,44,34,10
AFG,2023-07-01,71,42,29
AFG,2023-08-01,94,63,31
AFG,2023-09-01,66,54,12
AFG,2023-10-01,73,57,16
AFG,2023-11-01,44,34,10
AGO,2020-01-01,9,6,3
AGO,2020-02-01,8,6,2
AGO,2020-03-01,1,0,1
AGO,2020-04-01,0,0,0
AGO,2020-05-01,0,0,0
AGO,2020-06-01,0,0,0
AGO,2020-07-01,0,0,0
AGO,2020-08-01,0,0,0
AGO,2020-09-01,0,0,0
AGO,2020-10-01,0,0,0
AGO,2020-11-01,0,0,0
AGO,2020-12-01,0,0,0
AGO,2021-01-01,0,0,0
AGO,2021-02-01,0,0,0
AGO,2021-03-01,0,0,0
AGO,2021-04-01,0,0,0
AGO,2021-05-01,0,0,0
AGO,2021-06-01,0,0,0
AGO,2021-07-01,0,0,0
AGO,2021-08-01,4,3,1
AGO,2021-09-01,0,0,0
AGO,2021-10-01,0,0,0
AGO,2021-11-01,0,0,0
AGO,2021-12-01,0,0,0
AGO,2022-01-01,4,3,1
AGO,2022-02-01,0,0,0
AGO,2022-03-01,0,0,0
AGO,2022-04-01,3,2,1
AGO,2022-05-01,2,2,0
AGO,2022-06-01,0,0,0
AGO,2022-07-01,1,0,1
AGO,2022-08-01,0,0,0
AGO,2022-09-01,12,5,7
AGO,2022-10-01,6,5,1
AGO,2022-11-01,4,4,0
AGO,2022-12-01,3,3,0
AGO,2023-01-01,1,1,0
AGO,2023-02-01,5,4,1
AGO,2023-03-01,22,20,2
AGO,2023-04-01,2,0,2
AGO,2023-05-01,6,5,1
AGO,2023-06-01,12,8,4
AGO,2023-07-01,8,8,0
AGO,2023-08-01,4,3,1
AGO,2023-09-01,7,3,4
AGO,2023-10-01,5,4,1
AGO,2023-11-01,3,3,0
AIA,2020-01-01,0,0,0
AIA,2020-02-01,0,0,0
AIA,2020-03-01,0,0,0
AIA,2020-04-01,0,0,0
AIA,2020-05-01,0,0,0
AIA,2020-06-01,0,0,0
AIA,2020-07-01,0,0,0
AIA,2020-08-01,0,0,0
AIA,2020-09-01,0,0,0
AIA,2020-10-01,0,0,0
AIA,2020-11-01,0,0,0
AIA,2020-12-01,0,0,0
AIA,2021-01-01,0,0,0
AIA,2021-02-01,0,0,0
AIA,2021-03-01,0,0,0
AIA,2021-04-01,0,0,0
AIA,2021-05-01,0,0,0
AIA,2021-06-01,0,0,0
AIA,2021-07-01,0,0,0
AIA,2021-08-01,0,0,0
AIA,2021-09-01,0,0,0
AIA,2021-10-01,0,0,0
AIA,2021-11-01,0,0,0
AIA,2021-12-01,0,0,0
AIA,2022-01-01,0,0,0
AIA,2022-02-01,0,0,0
AIA,2022-03-01,0,0,0
AIA,2022-04-01,0,0,0
AIA,2022-05-01,0,0,0
AIA,2022-06-01,0,0,0
AIA,2022-07-01,0,0,0
AIA,2022-08-01,0,0,0
AIA,2022-09-01,0,0,0
AIA,2022-10-01,0,0,0
AIA,2022-11-01,1,1,0
AIA,2022-12-01,0,0,0
AIA,2023-01-01,0,0,0
AIA,2023-02-01,0,0,0
AIA,2023-03-01,0,0,0
AIA,2023-04-01,0,0,0
AIA,2023-05-01,0,0,0
AIA,2023-06-01,0,0,0
AIA,2023-07-01,0,0,0
AIA,2023-08-01,0,0,0
AIA,2023-09-01,0,0,0
AIA,2023-10-01,0,0,0
AIA,2023-11-01,1,1,0
ALB,2020-01-01,109,56,53
ALB,2020-02-01,57,30,27
ALB,2020-03-01,27,17,10
ALB,2020-04-01,0,0,0
ALB,2020-05-01,0,0,0
ALB,2020-06-01,0,0,0
ALB,2020-07-01,0,0,0
ALB,2020-08-01,0,0,0
ALB,2020-09-01,0,0,0
ALB,2020-10-01,3,2,1
ALB,2020-11-01,0,0,0
ALB,2020-12-01,1,1,0
ALB,2021-01-01,1,1,0
ALB,2021-02-01,0,0,0
ALB,2021-03-01,0,0,0
ALB,2021-04-01,4,3,1
ALB,2021-05-01,1,0,1
ALB,2021-06-01,1,0,1
ALB,2021-07-01,0,0,0
ALB,2021-08-01,0,0,0
ALB,2021-09-01,2,1,1
ALB,2021-10-01,1,1,0
ALB,2021-11-01,0,0,0
ALB,2021-12-01,5,4,1
ALB,2022-01-01,5,4,1
ALB,2022-02-01,3,2,1
ALB,2022-03-01,3,2,1
ALB,2022-04-01,19,11,8
ALB,2022-05-01,20,15,5
ALB,2022-06-01,13,8,5
ALB,2022-07-01,33,20,13
ALB,2022-08-01,54,35,19
ALB,2022-09-01,42,21,21
ALB,2022-10-01,64,47,17
ALB,2022-11-01,41,27,14
ALB,2022-12-01,53,32,21
ALB,2023-01-01,55,34,21
ALB,2023-02-01,37,26,11
ALB,2023-03-01,51,35,16
ALB,2023-04-01,45,35,10
ALB,2023-05-01,47,34,13
ALB,2023-06-01,26,20,6
ALB,2023-07-01,47,30,17
ALB,2023-08-01,68,42,26
ALB,2023-09-01,60,37,23
ALB,2023-10-01,62,38,24
ALB,2023-11-01,55,38,17
AND,2020-01-01,5,3,2
AND,2020-02-01,9,5,4
AND,2020-03-01,1,1,0
AND,2020-04-01,0,0,0
AND,2020-05-01,0,0,0
AND,2020-06-01,0,0,0
AND,2020-07-01,0,0,0
AND,2020-08-01,0,0,0
AND,2020-09-01,0,0,0
AND,2020-10-01,0,0,0
AND,2020-11-01,0,0,0
AND,2020-12-01,0,0,0
AND,2021-01-01,0,0,0
AND,2021-02-01,0,0,0
AND,2021-03-01,0,0,0
AND,2021-04-01,0,0,0
AND,2021-05-01,0,0,0
AND,2021-06-01,0,0,0
AND,2021-07-01,0,0,0
AND,2021-08-01,0,0,0
AND,2021-09-01,0,0,0
AND,2021-10-01,0,0,0
AND,2021-11-01,0,0,0
AND,2021-12-01,0,0,0
AND,2022-01-01,0,0,0
AND,2022-02-01,0,0,0
AND,2022-03-01,0,0,0
AND,2022-04-01,2,2,0
AND,2022-05-01,2,1,1
AND,2022-06-01,3,1,2
AND,2022-07-01,5,2,3
AND,2022-08-01,5,2,3
AND,2022-09-01,9,5,4
AND,2022-10-01,6,3,3
AND,2022-11-01,4,1,3
AND,2022-12-01,0,0,0
AND,2023-01-01,3,1,2
AND,2023-02-01,5,3,2
AND,2023-03-01,0,0,0
AND,2023-04-01,4,2,2
AND,2023-05-01,3,2,1
AND,2023-06-01,1,1,0
AND,2023-07-01,7,3,4
AND,2023-08-01,17,8,9
AND,2023-09-01,8,4,4
AND,2023-10-01,15,11,4
AND,2023-11-01,9,4,5
ANT,2020-01-01,0,0,0
ANT,2020-02-01,0,0,0
ANT,2020-03-01,0,0,0
ANT,2020-04-01,0,0,0
ANT,2020-05-01,0,0,0
ANT,2020-06-01,0,0,0
ANT,2020-07-01,0,0,0
ANT,2020-08-01,0,0,0
ANT,2020-09-01,0,0,0
ANT,2020-10-01,0,0,0
ANT,2020-11-01,0,0,0
ANT,2020-12-01,0,0,0
ANT,2021-01-01,0,0,0
ANT,2021-02-01,0,0,0
ANT,2021-03-01,0,0,0
ANT,2021-04-01,0,0,0
ANT,2021-05-01,0,0,0
ANT,2021-06-01,0,0,0
ANT,2021-07-01,1,0,1
ANT,2021-08-01,0,0,0
ANT,2021-09-01,0,0,0
ANT,2021-10-01,0,0,0
ANT,2021-11-01,0,0,0
ANT,2021-12-01,0,0,0
ANT,2022-01-01,0,0,0
ANT,2022-02-01,0,0,0
ANT,2022-03-01,0,0,0
ANT,2022-04-01,0,0,0
ANT,2022-05-01,0,0,0
ANT,2022-06-01,0,0,0
ANT,2022-07-01,0,0,0
ANT,2022-08-01,0,0,0
ANT,2022-09-01,0,0,0
ANT,2022-10-01,0,0,0
ANT,2022-11-01,0,0,0
ANT,2022-12-01,0,0,0
ANT,2023-01-01,0,0,0
ANT,2023-02-01,0,0,0
ANT,2023-03-01,0,0,0
ANT,2023-04-01,0,0,0
ANT,2023-05-01,0,0,0
ANT,2023-06-01,0,0,0
ANT,2023-07-01,0,0,0
ANT,2023-08-01,0,0,0
ANT,2023-09-01,0,0,0
ANT,2023-10-01,0,0,0
ANT,2023-11-01,0,0,0
ARE,2020-01-01,401,272,129
ARE,2020-02-01,252,181,71
ARE,2020-03-01,64,53,11
ARE,2020-04-01,2,2,0
ARE,2020-05-01,0,0,0
ARE,2020-06-01,2,2,0
ARE,2020-07-01,5,1,4
ARE,2020-08-01,8,5,3
ARE,2020-09-01,1,0,1
ARE,2020-10-01,6,4,2
ARE,2020-11-01,0,0,0
ARE,2020-12-01,10,5,5
ARE,2021-01-01,8,7,1
ARE,2021-02-01,2,1,1
ARE,2021-03-01,4,4,0
ARE,2021-04-01,5,4,1
ARE,2021-05-01,11,6,5
ARE,2021-06-01,1,0,1
ARE,2021-07-01,1,1,0
ARE,2021-08-01,1,1,0
ARE,2021-09-01,45,44,1
ARE,2021-10-01,2,2,0
ARE,2021-11-01,2,1,1
ARE,2021-12-01,21,15,6
ARE,2022-01-01,10,7,3
ARE,2022-02-01,6,5,1
ARE,2022-03-01,34,19,15
ARE,2022-04-01,65,38,27
ARE,2022-05-01,230,158,72
ARE,2022-06-01,195,132,63
ARE,2022-07-01,711,371,340
ARE,2022-08-01,645,339,306
ARE,2022-09-01,234,175,59
ARE,2022-10-01,356,259,97
ARE,2022-11-01,404,278,126
ARE,2022-12-01,734,377,357
ARE,2023-01-01,286,177,109
ARE,2023-02-01,286,197,89
ARE,2023-03-01,241,174,67
ARE,2023-04-01,210,126,84
ARE,2023-05-01,606,453,153
ARE,2023-06-01,766,421,345
ARE,2023-07-01,2215,1098,1117
ARE,2023-08-01,1518,791,727
ARE,2023-09-01,379,253,126
ARE,2023-10-01,427,262,165
ARE,2023-11-01,385,245,140
ARG,2020-01-01,1467,762,705
ARG,2020-02-01,824,444,380
ARG,2020-03-01,511,270,241
ARG,2020-04-01,0,0,0
ARG,2020-05-01,0,0,0
ARG,2020-06-01,0,0,0
ARG,2020-07-01,4,2,2
ARG,2020-08-01,2,0,2
ARG,2020-09-01,1,1,0
ARG,2020-10-01,1,0,1
ARG,2020-11-01,3,3,0
ARG,2020-12-01,10,5,5
ARG,2021-01-01,13,4,9
ARG,2021-02-01,4,4,0
ARG,2021-03-01,8,6,2
ARG,2021-04-01,2,1,1
ARG,2021-05-01,6,6,0
ARG,2021-06-01,7,4,3
ARG,2021-07-01,10,8,2
ARG,2021-08-01,19,13,6
ARG,2021-09-01,4,1,3
ARG,2021-10-01,12,7,5
ARG,2021-11-01,1,0,1
ARG,2021-12-01,11,5,6
ARG,2022-01-01,42,24,18
ARG,2022-02-01,19,13,6
ARG,2022-03-01,25,15,10
ARG,2022-04-01,100,72,28
ARG,2022-05-01,172,105,67
ARG,2022-06-01,184,109,75
ARG,2022-07-01,282,164,118
ARG,2022-08-01,259,144,115
ARG,2022-09-01,296,171,125
ARG,2022-10-01,381,211,170
ARG,2022-11-01,361,220,141
ARG,2022-12-01,311,164,147
ARG,2023-01-01,710,379,331
ARG,2023-02-01,456,263,193
ARG,2023-03-01,536,292,244
ARG,2023-04-01,523,270,253
ARG,2023-05-01,457,246,211
ARG,2023-06-01,313,180,133
ARG,2023-07-01,503,266,237
ARG,2023-08-01,484,256,228
ARG,2023-09-01,484,270,214
ARG,2023-10-01,512,295,217
ARG,2023-11-01,556,312,244
ARM,2020-01-01,91,27,64
ARM,2020-02-01,69,38,31
ARM,2020-03-01,24,12,12
ARM,2020-04-01,0,0,0
ARM,2020-05-01,0,0,0
ARM,2020-06-01,0,0,0
ARM,2020-07-01,0,0,0
ARM,2020-08-01,0,0,0
ARM,2020-09-01,0,0,0
ARM,2020-10-01,0,0,0
ARM,2020-11-01,0,0,0
ARM,2020-12-01,0,0,0
ARM,2021-01-01,0,0,0
ARM,2021-02-01,1,0,1
ARM,2021-03-01,1,0,1
ARM,2021-04-01,1,1,0
ARM,2021-05-01,1,0,1
ARM,2021-06-01,0,0,0
ARM,2021-07-01,3,2,1
ARM,2021-08-01,0,0,0
ARM,2021-09-01,0,0,0
ARM,2021-10-01,0,0,0
ARM,2021-11-01,0,0,0
ARM,2021-12-01,1,0,1
ARM,2022-01-01,6,2,4
ARM,2022-02-01,1,0,1
ARM,2022-03-01,2,0,2
ARM,2022-04-01,10,3,7
ARM,2022-05-01,11,4,7
ARM,2022-06-01,17,5,12
ARM,2022-07-01,32,17,15
ARM,2022-08-01,22,12,10
ARM,2022-09-01,36,20,16
ARM,2022-10-01,34,21,13
ARM,2022-11-01,32,12,20
ARM,2022-12-01,55,26,29
ARM,2023-01-01,56,27,29
ARM,2023-02-01,45,20,25
ARM,2023-03-01,131,53,78
ARM,2023-04-01,50,34,16
ARM,2023-05-01,72,35,37
ARM,2023-06-01,112,37,75
ARM,2023-07-01,135,52,83
ARM,2023-08-01,54,27,27
ARM,2023-09-01,60,35,25
ARM,2023-10-01,282,87,195
ARM,2023-11-01,39,23,16
ATA,2020-01-01,0,0,0
ATA,2020-02-01,1,0,1
ATA,2020-03-01,0,0,0
ATA,2020-04-01,0,0,0
ATA,2020-05-01,0,0,0
ATA,2020-06-01,0,0,0
ATA,2020-07-01,0,0,0
ATA,2020-08-01,0,0,0
ATA,2020-09-01,0,0,0
ATA,2020-10-01,0,0,0
ATA,2020-11-01,0,0,0
ATA,2020-12-01,0,0,0
ATA,2021-01-01,0,0,0
ATA,2021-02-01,0,0,0
ATA,2021-03-01,0,0,0
ATA,2021-04-01,0,0,0
ATA,2021-05-01,0,0,0
ATA,2021-06-01,0,0,0
ATA,2021-07-01,0,0,0
ATA,2021-08-01,0,0,0
ATA,2021-09-01,0,0,0
ATA,2021-10-01,0,0,0
ATA,2021-11-01,0,0,0
ATA,2021-12-01,0,0,0
ATA,2022-01-01,0,0,0
ATA,2022-02-01,0,0,0
ATA,2022-03-01,0,0,0
ATA,2022-04-01,1,0,1
ATA,2022-05-01,1,1,0
ATA,2022-06-01,0,0,0
ATA,2022-07-01,0,0,0
ATA,2022-08-01,0,0,0
ATA,2022-09-01,0,0,0
ATA,2022-10-01,0,0,0
ATA,2022-11-01,0,0,0
ATA,2022-12-01,0,0,0
ATA,2023-01-01,0,0,0
ATA,2023-02-01,0,0,0
ATA,2023-03-01,0,0,0
ATA,2023-04-01,0,0,0
ATA,2023-05-01,0,0,0
ATA,2023-06-01,0,0,0
ATA,2023-07-01,0,0,0
ATA,2023-08-01,0,0,0
ATA,2023-09-01,0,0,0
ATA,2023-10-01,0,0,0
ATA,2023-11-01,0,0,0
ATG,2020-01-01,28,15,13
ATG,2020-02-01,13,8,5
ATG,2020-03-01,7,6,1
ATG,2020-04-01,0,0,0
ATG,2020-05-01,0,0,0
ATG,2020-06-01,0,0,0
ATG,2020-07-01,0,0,0
ATG,2020-08-01,0,0,0
ATG,2020-09-01,0,0,0
ATG,2020-10-01,1,1,0
ATG,2020-11-01,0,0,0
ATG,2020-12-01,0,0,0
ATG,2021-01-01,0,0,0
ATG,2021-02-01,0,0,0
ATG,2021-03-01,0,0,0
ATG,2021-04-01,0,0,0
ATG,2021-05-01,0,0,0
ATG,2021-06-01,0,0,0
ATG,2021-07-01,0,0,0
ATG,2021-08-01,0,0,0
ATG,2021-09-01,0,0,0
ATG,2021-10-01,0,0,0
ATG,2021-11-01,1,0,1
ATG,2021-12-01,1,1,0
ATG,2022-01-01,0,0,0
ATG,2022-02-01,5,2,3
ATG,2022-03-01,6,4,2
ATG,2022-04-01,7,5,2
ATG,2022-05-01,5,5,0
ATG,2022-06-01,15,10,5
ATG,2022-07-01,9,6,3
ATG,2022-08-01,20,13,7
ATG,2022-09-01,17,10,7
ATG,2022-10-01,31,18,13
ATG,2022-11-01,9,9,0
ATG,2022-12-01,16,7,9
ATG,2023-01-01,22,12,10
ATG,2023-02-01,15,11,4
ATG,2023-03-01,30,18,12
ATG,2023-04-01,19,14,5
ATG,2023-05-01,14,12,2
ATG,2023-06-01,18,14,4
ATG,2023-07-01,33,27,6
ATG,2023-08-01,38,21,17
ATG,2023-09-01,25,15,10
ATG,2023-10-01,14,12,2
ATG,2023-11-01,18,13,5
AUS,2020-01-01,51998,28936,23062
AUS,2020-02-01,22818,14122,8696
AUS,2020-03-01,9409,5810,3599
AUS,2020-04-01,9,8,1
AUS,2020-05-01,42,35,7
AUS,2020-06-01,41,26,15
AUS,2020-07-01,172,121,51
AUS,2020-08-01,125,83,42
AUS,2020-09-01,135,102,33
AUS,2020-10-01,101,66,35
AUS,2020-11-01,175,133,42
AUS,2020-12-01,123,81,42
AUS,2021-01-01,152,99,53
AUS,2021-02-01,87,55,32
AUS,2021-03-01,94,75,19
AUS,2021-04-01,113,75,38
AUS,2021-05-01,78,56,22
AUS,2021-06-01,55,42,13
AUS,2021-07-01,99,55,44
AUS,2021-08-01,147,78,69
AUS,2021-09-01,101,67,34
AUS,2021-10-01,125,85,40
AUS,2021-11-01,221,141,80
AUS,2021-12-01,628,406,222
AUS,2022-01-01,973,612,361
AUS,2022-02-01,570,374,196
AUS,2022-03-01,834,553,281
AUS,2022-04-01,7148,4308,2840
AUS,2022-05-01,9469,6077,3392
AUS,2022-06-01,13292,7968,5324
AUS,2022-07-01,18810,11000,7810
AUS,2022-08-01,16843,10140,6703
AUS,2022-09-01,21744,12753,8991
AUS,2022-10-01,24169,14460,9709
AUS,2022-11-01,25521,14900,10621
AUS,2022-12-01,40002,21973,18029
AUS,2023-01-01,43421,23741,19680
AUS,2023-02-01,23413,13849,9564
AUS,2023-03-01,26635,15622,11013
AUS,2023-04-01,33383,18656,14727
AUS,2023-05-01,25757,14882,10875
AUS,2023-06-01,26137,14775,11362
AUS,2023-07-01,39291,22104,17187
AUS,2023-08-01,28940,17042,11898
AUS,2023-09-01,38952,22092,16860
AUS,2023-10-01,33023,19016,14007
AUS,2023-11-01,35471,20739,14732
AUT,2020-01-01,1480,960,520
AUT,2020-02-01,1629,979,650
AUT,2020-03-01,609,379,230
AUT,2020-04-01,1,1,0
AUT,2020-05-01,0,0,0
AUT,2020-06-01,0,0,0
AUT,2020-07-01,13,9,4
AUT,2020-08-01,16,10,6
AUT,2020-09-01,11,8,3
AUT,2020-10-01,8,6,2
AUT,2020-11-01,4,4,0
AUT,2020-12-01,5,5,0
AUT,2021-01-01,19,14,5
AUT,2021-02-01,13,13,0
AUT,2021-03-01,7,7,0
AUT,2021-04-01,17,13,4
AUT,2021-05-01,11,10,1
AUT,2021-06-01,8,8,0
AUT,2021-07-01,12,8,4
AUT,2021-08-01,29,19,10
AUT,2021-09-01,33,28,5
AUT,2021-10-01,26,22,4
AUT,2021-11-01,31,23,8
AUT,2021-12-01,21,15,6
AUT,2022-01-01,66,54,12
AUT,2022-02-01,46,39,7
AUT,2022-03-01,84,76,8
AUT,2022-04-01,334,231,103
AUT,2022-05-01,438,310,128
AUT,2022-06-01,444,307,137
AUT,2022-07-01,939,590,349
AUT,2022-08-01,986,611,375
AUT,2022-09-01,833,540,293
AUT,2022-10-01,825,582,243
AUT,2022-11-01,984,645,339
AUT,2022-12-01,1047,635,412
AUT,2023-01-01,1230,739,491
AUT,2023-02-01,1380,814,566
AUT,2023-03-01,1115,715,400
AUT,2023-04-01,978,593,385
AUT,2023-05-01,1070,671,399
AUT,2023-06-01,613,413,200
AUT,2023-07-01,1391,793,598
AUT,2023-08-01,1567,948,619
AUT,2023-09-01,1130,689,441
AUT,2023-10-01,1067,675,392
AUT,2023-11-01,1339,914,425
AZE,2020-01-01,183,107,76
AZE,2020-02-01,100,60,40
AZE,2020-03-01,28,20,8
AZE,2020-04-01,0,0,0
AZE,2020-05-01,1,1,0
AZE,2020-06-01,0,0,0
AZE,2020-07-01,1,1,0
AZE,2020-08-01,0,0,0
AZE,2020-09-01,2,1,1
AZE,2020-10-01,4,2,2
AZE,2020-11-01,2,2,0
AZE,2020-12-01,1,1,0
AZE,2021-01-01,1,1,0
AZE,2021-02-01,0,0,0
AZE,2021-03-01,4,2,2
AZE,2021-04-01,1,1,0
AZE,2021-05-01,4,3,1
AZE,2021-06-01,1,1,0
AZE,2021-07-01,5,3,2
AZE,2021-08-01,11,5,6
AZE,2021-09-01,2,1,1
AZE,2021-10-01,6,2,4
AZE,2021-11-01,7,6,1
AZE,2021-12-01,1,1,0
AZE,2022-01-01,14,9,5
AZE,2022-02-01,3,3,0
AZE,2022-03-01,12,10,2
AZE,2022-04-01,21,16,5
AZE,2022-05-01,33,20,13
AZE,2022-06-01,42,27,15
AZE,2022-07-01,60,36,24
AZE,2022-08-01,114,54,60
AZE,2022-09-01,68,31,37
AZE,2022-10-01,83,53,30
AZE,2022-11-01,77,47,30
AZE,2022-12-01,118,66,52
AZE,2023-01-01,86,48,38
AZE,2023-02-01,77,48,29
AZE,2023-03-01,243,115,128
AZE,2023-04-01,82,41,41
AZE,2023-05-01,127,77,50
AZE,2023-06-01,98,69,29
AZE,2023-07-01,166,92,74
AZE,2023-08-01,139,74,65
AZE,2023-09-01,157,95,62
AZE,2023-10-01,136,72,64
AZE,2023-11-01,165,91,74
BDI,2020-01-01,2,2,0
BDI,2020-02-01,1,0,1
BDI,2020-03-01,1,1,0
BDI,2020-04-01,0,0,0
BDI,2020-05-01,0,0,0
BDI,2020-06-01,0,0,0
BDI,2020-07-01,0,0,0
BDI,2020-08-01,0,0,0
BDI,2020-09-01,0,0,0
BDI,2020-10-01,0,0,0
BDI,2020-11-01,0,0,0
BDI,2020-12-01,0,0,0
BDI,2021-01-01,0,0,0
BDI,2021-02-01,0,0,0
BDI,2021-03-01,1,1,0
BDI,2021-04-01,3,1,2
BDI,2021-05-01,5,2,3
BDI,2021-06-01,0,0,0
BDI,2021-07-01,1,0,1
BDI,2021-08-01,2,1,1
BDI,2021-09-01,0,0,0
BDI,2021-10-01,0,0,0
BDI,2021-11-01,0,0,0
BDI,2021-12-01,0,0,0
BDI,2022-01-01,2,2,0
BDI,2022-02-01,1,1,0
BDI,2022-03-01,0,0,0
BDI,2022-04-01,6,3,3
BDI,2022-05-01,0,0,0
BDI,2022-06-01,0,0,0
BDI,2022-07-01,2,1,1
BDI,2022-08-01,4,2,2
BDI,2022-09-01,2,1,1
BDI,2022-10-01,7,5,2
BDI,2022-11-01,6,4,2
BDI,2022-12-01,1,0,1
BDI,2023-01-01,10,5,5
BDI,2023-02-01,3,2,1
BDI,2023-03-01,4,1,3
BDI,2023-04-01,5,3,2
BDI,2023-05-01,2,1,1
BDI,2023-06-01,8,3,5
BDI,2023-07-01,3,2,1
BDI,2023-08-01,3,1,2
BDI,2023-09-01,32,9,23
BDI,2023-10-01,1,0,1
BDI,2023-11-01,3,1,2
BEL,2020-01-01,1779,1153,626
BEL,2020-02-01,1760,1148,612
BEL,2020-03-01,854,553,301
BEL,2020-04-01,7,6,1
BEL,2020-05-01,1,0,1
BEL,2020-06-01,0,0,0
BEL,2020-07-01,12,10,2
BEL,2020-08-01,9,9,0
BEL,2020-09-01,21,17,4
BEL,2020-10-01,21,14,7
BEL,2020-11-01,13,11,2
BEL,2020-12-01,14,9,5
BEL,2021-01-01,21,14,7
BEL,2021-02-01,13,9,4
BEL,2021-03-01,22,20,2
BEL,2021-04-01,10,7,3
BEL,2021-05-01,7,4,3
BEL,2021-06-01,5,3,2
BEL,2021-07-01,17,13,4
BEL,2021-08-01,20,12,8
BEL,2021-09-01,28,14,14
BEL,2021-10-01,22,16,6
BEL,2021-11-01,25,21,4
BEL,2021-12-01,60,50,10
BEL,2022-01-01,65,43,22
BEL,2022-02-01,53,38,15
BEL,2022-03-01,85,60,25
BEL,2022-04-01,327,223,104
BEL,2022-05-01,545,395,150
BEL,2022-06-01,673,465,208
BEL,2022-07-01,1547,879,668
BEL,2022-08-01,1376,802,574
BEL,2022-09-01,1295,798,497
BEL,2022-10-01,1198,758,440
BEL,2022-11-01,1057,717,340
BEL,2022-12-01,925,606,319
BEL,2023-01-01,1130,730,400
BEL,2023-02-01,1475,928,547
BEL,2023-03-01,1427,906,521
BEL,2023-04-01,1441,870,571
BEL,2023-05-01,1454,880,574
BEL,2023-06-01,1182,720,462
BEL,2023-07-01,3365,1825,1540
BEL,2023-08-01,2337,1268,1069
BEL,2023-09-01,2208,1227,981
BEL,2023-10-01,1693,1046,647
BEL,2023-11-01,1667,1108,559
BEN,2020-01-01,7,6,1
BEN,2020-02-01,7,3,4
BEN,2020-03-01,1,1,0
BEN,2020-04-01,0,0,0
BEN,2020-05-01,0,0,0
BEN,2020-06-01,0,0,0
BEN,2020-07-01,0,0,0
BEN,2020-08-01,0,0,0
BEN,2020-09-01,0,0,0
BEN,2020-10-01,0,0,0
BEN,2020-11-01,0,0,0
BEN,2020-12-01,1,0,1
BEN,2021-01-01,0,0,0
BEN,2021-02-01,0,0,0
BEN,2021-03-01,0,0,0
BEN,2021-04-01,1,1,0
BEN,2021-05-01,0,0,0
BEN,2021-06-01,0,0,0
BEN,2021-07-01,0,0,0
BEN,2021-08-01,0,0,0
BEN,2021-09-01,0,0,0
BEN,2021-10-01,0,0,0
BEN,2021-11-01,0,0,0
BEN,2021-12-01,1,1,0
BEN,2022-01-01,1,1,0
BEN,2022-02-01,1,1,0
BEN,2022-03-01,1,0,1
BEN,2022-04-01,1,1,0
BEN,2022-05-01,0,0,0
BEN,2022-06-01,1,1,0
BEN,2022-07-01,6,5,1
BEN,2022-08-01,6,5,1
BEN,2022-09-01,9,6,3
BEN,2022-10-01,19,15,4
BEN,2022-11-01,8,5,3
BEN,2022-12-01,11,7,4
BEN,2023-01-01,10,6,4
BEN,2023-02-01,7,6,1
BEN,2023-03-01,11,9,2
BEN,2023-04-01,11,5,6
BEN,2023-05-01,12,9,3
BEN,2023-06-01,10,8,2
BEN,2023-07-01,23,16,7
BEN,2023-08-01,8,7,1
BEN,2023-09-01,25,19,6
BEN,2023-10-01,11,9,2
BEN,2023-11-01,15,12,3
BFA,2020-01-01,5,5,0
BFA,2020-02-01,7,7,0
BFA,2020-03-01,1,1,0
BFA,2020-04-01,0,0,0
BFA,2020-05-01,0,0,0
BFA,2020-06-01,0,0,0
BFA,2020-07-01,0,0,0
BFA,2020-08-01,0,0,0
BFA,2020-09-01,0,0,0
BFA,2020-10-01,0,0,0
BFA,2020-11-01,0,0,0
BFA,2020-12-01,0,0,0
BFA,2021-01-01,0,0,0
BFA,2021-02-01,0,0,0
BFA,2021-03-01,0,0,0
BFA,2021-04-01,0,0,0
BFA,2021-05-01,0,0,0
BFA,2021-06-01,0,0,0
BFA,2021-07-01,0,0,0
BFA,2021-08-01,0,0,0
BFA,2021-09-01,1,0,1
BFA,2021-10-01,0,0,0
BFA,2021-11-01,1,1,0
BFA,2021-12-01,0,0,0
BFA,2022-01-01,2,2,0
BFA,2022-02-01,0,0,0
BFA,2022-03-01,1,1,0
BFA,2022-04-01,0,0,0
BFA,2022-05-01,1,0,1
BFA,2022-06-01,2,1,1
BFA,2022-07-01,4,4,0
BFA,2022-08-01,1,1,0
BFA,2022-09-01,11,10,1
BFA,2022-10-01,15,10,5
BFA,2022-11-01,2,2,0
BFA,2022-12-01,3,3,0
BFA,2023-01-01,7,6,1
BFA,2023-02-01,4,4,0
BFA,2023-03-01,5,5,0
BFA,2023-04-01,1,1,0
BFA,2023-05-01,14,13,1
BFA,2023-06-01,1,1,0
BFA,2023-07-01,7,7,0
BFA,2023-08-01,8,7,1
BFA,2023-09-01,27,23,4
BFA,2023-10-01,7,6,1
BFA,2023-11-01,5,3,2
BGD,2020-01-01,26955,23168,3787
BGD,2020-02-01,19668,17360,2308
BGD,2020-03-01,10369,9572,797
BGD,2020-04-01,2,2,0
BGD,2020-05-01,10,9,1
BGD,2020-06-01,39,32,7
BGD,2020-07-01,108,72,36
BGD,2020-08-01,176,137,39
BGD,2020-09-01,151,108,43
BGD,2020-10-01,63,59,4
BGD,2020-11-01,69,59,10
BGD,2020-12-01,60,46,14
BGD,2021-01-01,106,101,5
BGD,2021-02-01,147,105,42
BGD,2021-03-01,307,216,91
BGD,2021-04-01,271,241,30
BGD,2021-05-01,100,80,20
BGD,2021-06-01,3,1,2
BGD,2021-07-01,10,8,2
BGD,2021-08-01,16,10,6
BGD,2021-09-01,34,25,9
BGD,2021-10-01,217,155,62
BGD,2021-11-01,1098,950,148
BGD,2021-12-01,5752,5375,377
BGD,2022-01-01,5393,5006,387
BGD,2022-02-01,5715,5361,354
BGD,2022-03-01,8955,8590,365
BGD,2022-04-01,9123,8498,625
BGD,2022-05-01,13343,12214,1129
BGD,2022-06-01,14915,13774,1141
BGD,2022-07-01,18164,15856,2308
BGD,2022-08-01,26179,23849,2330
BGD,2022-09-01,27085,25154,1931
BGD,2022-10-01,33524,31507,2017
BGD,2022-11-01,36928,35379,1549
BGD,2022-12-01,39820,37510,2310
BGD,2023-01-01,51838,49373,2465
BGD,2023-02-01,59350,57353,1997
BGD,2023-03-01,62977,60931,2046
BGD,2023-04-01,43311,41144,2167
BGD,2023-05-01,48550,46883,1667
BGD,2023-06-01,51768,49777,1991
BGD,2023-07-01,61537,58100,3437
BGD,2023-08-01,75514,72520,2994
BGD,2023-09-01,56346,53837,2509
BGD,2023-10-01,43290,40905,2385
BGD,2023-11-01,38951,36751,2200
BGR,2020-01-01,645,339,306
BGR,2020-02-01,487,284,203
BGR,2020-03-01,186,117,69
BGR,2020-04-01,0,0,0
BGR,2020-05-01,0,0,0
BGR,2020-06-01,0,0,0
BGR,2020-07-01,25,25,0
BGR,2020-08-01,3,3,0
BGR,2020-09-01,20,19,1
BGR,2020-10-01,17,16,1
BGR,2020-11-01,9,8,1
BGR,2020-12-01,5,5,0
BGR,2021-01-01,17,15,2
BGR,2021-02-01,18,18,0
BGR,2021-03-01,13,12,1
BGR,2021-04-01,10,9,1
BGR,2021-05-01,17,17,0
BGR,2021-06-01,8,8,0
BGR,2021-07-01,2,2,0
BGR,2021-08-01,14,13,1
BGR,2021-09-01,9,7,2
BGR,2021-10-01,18,15,3
BGR,2021-11-01,15,14,1
BGR,2021-12-01,6,5,1
BGR,2022-01-01,18,16,2
BGR,2022-02-01,17,14,3
BGR,2022-03-01,35,31,4
BGR,2022-04-01,76,51,25
BGR,2022-05-01,101,61,40
BGR,2022-06-01,125,67,58
BGR,2022-07-01,119,68,51
BGR,2022-08-01,199,112,87
BGR,2022-09-01,157,91,66
BGR,2022-10-01,209,133,76
BGR,2022-11-01,231,132,99
BGR,2022-12-01,272,150,122
BGR,2023-01-01,288,173,115
BGR,2023-02-01,341,191,150
BGR,2023-03-01,351,178,173
BGR,2023-04-01,334,179,155
BGR,2023-05-01,253,144,109
BGR,2023-06-01,153,81,72
BGR,2023-07-01,177,95,82
BGR,2023-08-01,249,136,113
BGR,2023-09-01,277,163,114
BGR,2023-10-01,222,122,100
BGR,2023-11-01,473,232,241
BHR,2020-01-01,471,272,199
BHR,2020-02-01,94,61,33
BHR,2020-03-01,20,16,4
BHR,2020-04-01,0,0,0
BHR,2020-05-01,0,0,0
BHR,2020-06-01,0,0,0
BHR,2020-07-01,0,0,0
BHR,2020-08-01,1,1,0
BHR,2020-09-01,3,1,2
BHR,2020-10-01,2,1,1
BHR,2020-11-01,2,2,0
BHR,2020-12-01,2,1,1
BHR,2021-01-01,0,0,0
BHR,2021-02-01,1,1,0
BHR,2021-03-01,5,2,3
BHR,2021-04-01,1,0,1
BHR,2021-05-01,2,1,1
BHR,2021-06-01,1,1,0
BHR,2021-07-01,1,1,0
BHR,2021-08-01,0,0,0
BHR,2021-09-01,0,0,0
BHR,2021-10-01,7,5,2
BHR,2021-11-01,4,2,2
BHR,2021-12-01,5,4,1
BHR,2022-01-01,8,7,1
BHR,2022-02-01,4,4,0
BHR,2022-03-01,6,4,2
BHR,2022-04-01,17,13,4
BHR,2022-05-01,87,51,36
BHR,2022-06-01,229,144,85
BHR,2022-07-01,231,109,122
BHR,2022-08-01,283,130,153
BHR,2022-09-01,126,83,43
BHR,2022-10-01,143,90,53
BHR,2022-11-01,96,61,35
BHR,2022-12-01,119,67,52
BHR,2023-01-01,239,142,97
BHR,2023-02-01,118,66,52
BHR,2023-03-01,74,48,26
BHR,2023-04-01,60,38,22
BHR,2023-05-01,126,71,55
BHR,2023-06-01,275,150,125
BHR,2023-07-01,576,280,296
BHR,2023-08-01,608,299,309
BHR,2023-09-01,191,106,85
BHR,2023-10-01,198,139,59
BHR,2023-11-01,149,91,58
BHS,2020-01-01,7,3,4
BHS,2020-02-01,5,4,1
BHS,2020-03-01,2,1,1
BHS,2020-04-01,0,0,0
BHS,2020-05-01,0,0,0
BHS,2020-06-01,0,0,0
BHS,2020-07-01,0,0,0
BHS,2020-08-01,0,0,0
BHS,2020-09-01,0,0,0
BHS,2020-10-01,0,0,0
BHS,2020-11-01,0,0,0
BHS,2020-12-01,0,0,0
BHS,2021-01-01,0,0,0
BHS,2021-02-01,0,0,0
BHS,2021-03-01,0,0,0
BHS,2021-04-01,0,0,0
BHS,2021-05-01,0,0,0
BHS,2021-06-01,0,0,0
BHS,2021-07-01,0,0,0
BHS,2021-08-01,0,0,0
BHS,2021-09-01,0,0,0
BHS,2021-10-01,0,0,0
BHS,2021-11-01,0,0,0
BHS,2021-12-01,0,0,0
BHS,2022-01-01,0,0,0
BHS,2022-02-01,0,0,0
BHS,2022-03-01,1,1,0
BHS,2022-04-01,2,0,2
BHS,2022-05-01,3,1,2
BHS,2022-06-01,4,2,2
BHS,2022-07-01,6,2,4
BHS,2022-08-01,13,5,8
BHS,2022-09-01,3,3,0
BHS,2022-10-01,8,4,4
BHS,2022-11-01,6,0,6
BHS,2022-12-01,4,2,2
BHS,2023-01-01,22,10,12
BHS,2023-02-01,8,4,4
BHS,2023-03-01,17,10,7
BHS,2023-04-01,4,2,2
BHS,2023-05-01,10,7,3
BHS,2023-06-01,9,5,4
BHS,2023-07-01,7,5,2
BHS,2023-08-01,3,1,2
BHS,2023-09-01,6,3,3
BHS,2023-10-01,9,4,5
BHS,2023-11-01,2,1,1
BIH,2020-01-01,109,59,50
BIH,2020-02-01,82,44,38
BIH,2020-03-01,29,21,8
BIH,2020-04-01,1,1,0
BIH,2020-05-01,0,0,0
BIH,2020-06-01,0,0,0
BIH,2020-07-01,1,1,0
BIH,2020-08-01,2,1,1
BIH,2020-09-01,1,0,1
BIH,2020-10-01,10,6,4
BIH,2020-11-01,3,2,1
BIH,2020-12-01,1,1,0
BIH,2021-01-01,10,7,3
BIH,2021-02-01,1,0,1
BIH,2021-03-01,2,0,2
BIH,2021-04-01,3,2,1
BIH,2021-05-01,2,1,1
BIH,2021-06-01,2,1,1
BIH,2021-07-01,1,1,0
BIH,2021-08-01,12,6,6
BIH,2021-09-01,4,2,2
BIH,2021-10-01,7,4,3
BIH,2021-11-01,2,1,1
BIH,2021-12-01,10,5,5
BIH,2022-01-01,6,5,1
BIH,2022-02-01,11,10,1
BIH,2022-03-01,19,9,10
BIH,2022-04-01,24,13,11
BIH,2022-05-01,28,19,9
BIH,2022-06-01,35,22,13
BIH,2022-07-01,42,26,16
BIH,2022-08-01,69,41,28
BIH,2022-09-01,40,23,17
BIH,2022-10-01,55,33,22
BIH,2022-11-01,37,22,15
BIH,2022-12-01,41,28,13
BIH,2023-01-01,78,45,33
BIH,2023-02-01,69,41,28
BIH,2023-03-01,73,37,36
BIH,2023-04-01,59,33,26
BIH,2023-05-01,63,38,25
BIH,2023-06-01,40,27,13
BIH,2023-07-01,60,30,30
BIH,2023-08-01,52,33,19
BIH,2023-09-01,105,75,30
BIH,2023-10-01,51,30,21
BIH,2023-11-01,75,43,32
BLR,2020-01-01,515,235,280
BLR,2020-02-01,504,235,269
BLR,2020-03-01,235,107,128
BLR,2020-04-01,0,0,0
BLR,2020-05-01,0,0,0
BLR,2020-06-01,0,0,0
BLR,2020-07-01,1,1,0
BLR,2020-08-01,1,1,0
BLR,2020-09-01,0,0,0
BLR,2020-10-01,1,0,1
BLR,2020-11-01,2,0,2
BLR,2020-12-01,0,0,0
BLR,2021-01-01,2,1,1
BLR,2021-02-01,0,0,0
BLR,2021-03-01,0,0,0
BLR,2021-04-01,1,1,0
BLR,2021-05-01,1,1,0
BLR,2021-06-01,0,0,0
BLR,2021-07-01,1,1,0
BLR,2021-08-01,0,0,0
BLR,2021-09-01,2,1,1
BLR,2021-10-01,3,1,2
BLR,2021-11-01,0,0,0
BLR,2021-12-01,2,2,0
BLR,2022-01-01,3,3,0
BLR,2022-02-01,6,4,2
BLR,2022-03-01,14,8,6
BLR,2022-04-01,53,26,27
BLR,2022-05-01,79,40,39
BLR,2022-06-01,85,38,47
BLR,2022-07-01,89,44,45
BLR,2022-08-01,116,56,60
BLR,2022-09-01,133,55,78
BLR,2022-10-01,241,112,129
BLR,2022-11-01,256,120,136
BLR,2022-12-01,285,138,147
BLR,2023-01-01,556,256,300
BLR,2023-02-01,513,253,260
BLR,2023-03-01,589,282,307
BLR,2023-04-01,580,284,296
BLR,2023-05-01,391,190,201
BLR,2023-06-01,230,90,140
BLR,2023-07-01,341,163,178
BLR,2023-08-01,282,127,155
BLR,2023-09-01,344,176,168
BLR,2023-10-01,378,173,205
BLR,2023-11-01,468,200,268
BLZ,2020-01-01,10,5,5
BLZ,2020-02-01,7,4,3
BLZ,2020-03-01,2,2,0
BLZ,2020-04-01,0,0,0
BLZ,2020-05-01,0,0,0
BLZ,2020-06-01,0,0,0
BLZ,2020-07-01,0,0,0
BLZ,2020-08-01,0,0,0
BLZ,2020-09-01,0,0,0
BLZ,2020-10-01,1,0,1
BLZ,2020-11-01,1,1,0
BLZ,2020-12-01,0,0,0
BLZ,2021-01-01,1,1,0
BLZ,2021-02-01,0,0,0
BLZ,2021-03-01,0,0,0
BLZ,2021-04-01,0,0,0
BLZ,2021-05-01,0,0,0
BLZ,2021-06-01,0,0,0
BLZ,2021-07-01,0,0,0
BLZ,2021-08-01,4,1,3
BLZ,2021-09-01,0,0,0
BLZ,2021-10-01,0,0,0
BLZ,2021-11-01,1,0,1
BLZ,2021-12-01,0,0,0
BLZ,2022-01-01,0,0,0
BLZ,2022-02-01,0,0,0
BLZ,2022-03-01,0,0,0
BLZ,2022-04-01,2,1,1
BLZ,2022-05-01,1,1,0
BLZ,2022-06-01,1,0,1
BLZ,2022-07-01,7,2,5
BLZ,2022-08-01,7,5,2
BLZ,2022-09-01,8,5,3
BLZ,2022-10-01,5,2,3
BLZ,2022-11-01,8,3,5
BLZ,2022-12-01,12,5,7
BLZ,2023-01-01,21,10,11
BLZ,2023-02-01,12,7,5
BLZ,2023-03-01,9,4,5
BLZ,2023-04-01,12,7,5
BLZ,2023-05-01,9,2,7
BLZ,2023-06-01,2,2,0
BLZ,2023-07-01,18,11,7
BLZ,2023-08-01,15,8,7
BLZ,2023-09-01,9,3,6
BLZ,2023-10-01,1,1,0
BLZ,2023-11-01,11,5,6
BMU,2020-01-01,0,0,0
BMU,2020-02-01,0,0,0
BMU,2020-03-01,0,0,0
BMU,2020-04-01,0,0,0
BMU,2020-05-01,0,0,0
BMU,2020-06-01,0,0,0
BMU,2020-07-01,0,0,0
BMU,2020-08-01,0,0,0
BMU,2020-09-01,0,0,0
BMU,2020-10-01,0,0,0
BMU,2020-11-01,0,0,0
BMU,2020-12-01,0,0,0
BMU,2021-01-01,0,0,0
BMU,2021-02-01,0,0,0
BMU,2021-03-01,0,0,0
BMU,2021-04-01,0,0,0
BMU,2021-05-01,0,0,0
BMU,2021-06-01,0,0,0
BMU,2021-07-01,0,0,0
BMU,2021-08-01,0,0,0
BMU,2021-09-01,0,0,0
BMU,2021-10-01,0,0,0
BMU,2021-11-01,0,0,0
BMU,2021-12-01,0,0,0
BMU,2022-01-01,0,0,0
BMU,2022-02-01,0,0,0
BMU,2022-03-01,0,0,0
BMU,2022-04-01,0,0,0
BMU,2022-05-01,0,0,0
BMU,2022-06-01,0,0,0
BMU,2022-07-01,0,0,0
BMU,2022-08-01,0,0,0
BMU,2022-09-01,0,0,0
BMU,2022-10-01,0,0,0
BMU,2022-11-01,0,0,0
BMU,2022-12-01,0,0,0
BMU,2023-01-01,0,0,0
BMU,2023-02-01,0,0,0
BMU,2023-03-01,0,0,0
BMU,2023-04-01,0,0,0
BMU,2023-05-01,0,0,0
BMU,2023-06-01,0,0,0
BMU,2023-07-01,0,0,0
BMU,2023-08-01,1,0,1
BMU,2023-09-01,0,0,0
BMU,2023-10-01,0,0,0
BMU,2023-11-01,0,0,0
BOL,2020-01-01,38,17,21
BOL,2020-02-01,22,12,10
BOL,2020-03-01,12,7,5
BOL,2020-04-01,0,0,0
BOL,2020-05-01,0,0,0
BOL,2020-06-01,0,0,0
BOL,2020-07-01,0,0,0
BOL,2020-08-01,0,0,0
BOL,2020-09-01,2,1,1
BOL,2020-10-01,0,0,0
BOL,2020-11-01,0,0,0
BOL,2020-12-01,0,0,0
BOL,2021-01-01,0,0,0
BOL,2021-02-01,0,0,0
BOL,2021-03-01,0,0,0
BOL,2021-04-01,0,0,0
BOL,2021-05-01,0,0,0
BOL,2021-06-01,0,0,0
BOL,2021-07-01,1,0,1
BOL,2021-08-01,0,0,0
BOL,2021-09-01,0,0,0
BOL,2021-10-01,1,1,0
BOL,2021-11-01,0,0,0
BOL,2021-12-01,0,0,0
BOL,2022-01-01,0,0,0
BOL,2022-02-01,1,1,0
BOL,2022-03-01,1,1,0
BOL,2022-04-01,2,1,1
BOL,2022-05-01,25,16,9
BOL,2022-06-01,10,6,4
BOL,2022-07-01,12,8,4
BOL,2022-08-01,19,10,9
BOL,2022-09-01,29,12,17
BOL,2022-10-01,24,14,10
BOL,2022-11-01,32,18,14
BOL,2022-12-01,21,16,5
BOL,2023-01-01,49,30,19
BOL,2023-02-01,16,7,9
BOL,2023-03-01,16,11,5
BOL,2023-04-01,28,17,11
BOL,2023-05-01,41,28,13
BOL,2023-06-01,9,3,6
BOL,2023-07-01,51,30,21
BOL,2023-08-01,40,19,21
BOL,2023-09-01,21,11,10
BOL,2023-10-01,279,140,139
BOL,2023-11-01,44,32,12
BRA,2020-01-01,2005,1110,895
BRA,2020-02-01,1405,786,619
BRA,2020-03-01,664,365,299
BRA,2020-04-01,0,0,0
BRA,2020-05-01,12,12,0
BRA,2020-06-01,2,2,0
BRA,2020-07-01,16,13,3
BRA,2020-08-01,7,4,3
BRA,2020-09-01,5,5,0
BRA,2020-10-01,10,8,2
BRA,2020-11-01,5,4,1
BRA,2020-12-01,13,9,4
BRA,2021-01-01,35,25,10
BRA,2021-02-01,42,32,10
BRA,2021-03-01,18,12,6
BRA,2021-04-01,27,13,14
BRA,2021-05-01,20,19,1
BRA,2021-06-01,15,12,3
BRA,2021-07-01,21,13,8
BRA,2021-08-01,20,13,7
BRA,2021-09-01,11,5,6
BRA,2021-10-01,29,19,10
BRA,2021-11-01,32,22,10
BRA,2021-12-01,34,18,16
BRA,2022-01-01,131,77,54
BRA,2022-02-01,63,43,20
BRA,2022-03-01,66,42,24
BRA,2022-04-01,361,202,159
BRA,2022-05-01,570,320,250
BRA,2022-06-01,507,324,183
BRA,2022-07-01,769,429,340
BRA,2022-08-01,890,487,403
BRA,2022-09-01,873,533,340
BRA,2022-10-01,961,563,398
BRA,2022-11-01,866,481,385
BRA,2022-12-01,917,521,396
BRA,2023-01-01,1255,685,570
BRA,2023-02-01,968,552,416
BRA,2023-03-01,1170,691,479
BRA,2023-04-01,1309,706,603
BRA,2023-05-01,1131,659,472
BRA,2023-06-01,815,459,356
BRA,2023-07-01,1268,698,570
BRA,2023-08-01,1304,741,563
BRA,2023-09-01,1339,807,532
BRA,2023-10-01,1378,829,549
BRA,2023-11-01,1481,863,618
BRB,2020-01-01,11,4,7
BRB,2020-02-01,8,2,6
BRB,2020-03-01,1,0,1
BRB,2020-04-01,0,0,0
BRB,2020-05-01,0,0,0
BRB,2020-06-01,0,0,0
BRB,2020-07-01,1,0,1
BRB,2020-08-01,0,0,0
BRB,2020-09-01,0,0,0
BRB,2020-10-01,0,0,0
BRB,2020-11-01,0,0,0
BRB,2020-12-01,0,0,0
BRB,2021-01-01,1,1,0
BRB,2021-02-01,0,0,0
BRB,2021-03-01,0,0,0
BRB,2021-04-01,0,0,0
BRB,2021-05-01,0,0,0
BRB,2021-06-01,0,0,0
BRB,2021-07-01,0,0,0
BRB,2021-08-01,1,0,1
BRB,2021-09-01,1,1,0
BRB,2021-10-01,0,0,0
BRB,2021-11-01,1,1,0
BRB,2021-12-01,1,1,0
BRB,2022-01-01,1,1,0
BRB,2022-02-01,1,0,1
BRB,2022-03-01,2,1,1
BRB,2022-04-01,2,1,1
BRB,2022-05-01,0,0,0
BRB,2022-06-01,3,1,2
BRB,2022-07-01,3,0,3
BRB,2022-08-01,8,5,3
BRB,2022-09-01,7,3,4
BRB,2022-10-01,11,4,7
BRB,2022-11-01,6,5,1
BRB,2022-12-01,7,4,3
BRB,2023-01-01,11,5,6
BRB,2023-02-01,4,2,2
BRB,2023-03-01,3,1,2
BRB,2023-04-01,9,5,4
BRB,2023-05-01,6,3,3
BRB,2023-06-01,15,7,8
BRB,2023-07-01,7,3,4
BRB,2023-08-01,5,3,2
BRB,2023-09-01,9,3,6
BRB,2023-10-01,7,5,2
BRB,2023-11-01,6,5,1
BRN,2020-01-01,88501,49581,38920
BRN,2020-02-01,64729,38424,26305
BRN,2020-03-01,31596,19046,12550
BRN,2020-04-01,254,236,18
BRN,2020-05-01,330,322,8
BRN,2020-06-01,465,445,20
BRN,2020-07-01,350,316,34
BRN,2020-08-01,219,193,26
BRN,2020-09-01,396,364,32
BRN,2020-10-01,228,204,24
BRN,2020-11-01,334,320,14
BRN,2020-12-01,386,370,16
BRN,2021-01-01,337,332,5
BRN,2021-02-01,362,352,10
BRN,2021-03-01,451,416,35
BRN,2021-04-01,411,380,31
BRN,2021-05-01,290,272,18
BRN,2021-06-01,316,308,8
BRN,2021-07-01,421,407,14
BRN,2021-08-01,309,297,12
BRN,2021-09-01,272,266,6
BRN,2021-10-01,237,223,14
BRN,2021-11-01,353,331,22
BRN,2021-12-01,403,349,54
BRN,2022-01-01,505,461,44
BRN,2022-02-01,371,327,44
BRN,2022-03-01,522,464,58
BRN,2022-04-01,1247,907,340
BRN,2022-05-01,3094,1912,1182
BRN,2022-06-01,4165,2523,1642
BRN,2022-07-01,10594,5812,4782
BRN,2022-08-01,36953,20382,16571
BRN,2022-09-01,61332,32968,28364
BRN,2022-10-01,64041,34769,29272
BRN,2022-11-01,65540,35421,30119
BRN,2022-12-01,149927,77634,72293
BRN,2023-01-01,93125,50750,42375
BRN,2023-02-01,91480,50119,41361
BRN,2023-03-01,97143,53363,43780
BRN,2023-04-01,122931,65260,57671
BRN,2023-05-01,90639,50916,39723
BRN,2023-06-01,76368,42446,33922
BRN,2023-07-01,85713,46684,39029
BRN,2023-08-01,76670,41679,34991
BRN,2023-09-01,70708,39071,31637
BRN,2023-10-01,64757,36437,28320
BRN,2023-11-01,73474,40784,32690
BTN,2020-01-01,77,55,22
BTN,2020-02-01,43,28,15
BTN,2020-03-01,13,9,4
BTN,2020-04-01,0,0,0
BTN,2020-05-01,0,0,0
BTN,2020-06-01,0,0,0
BTN,2020-07-01,0,0,0
BTN,2020-08-01,0,0,0
BTN,2020-09-01,0,0,0
BTN,2020-10-01,1,0,1
BTN,2020-11-01,0,0,0
BTN,2020-12-01,0,0,0
BTN,2021-01-01,0,0,0
BTN,2021-02-01,2,0,2
BTN,2021-03-01,2,2,0
BTN,2021-04-01,0,0,0
BTN,2021-05-01,0,0,0
BTN,2021-06-01,0,0,0
BTN,2021-07-01,0,0,0
BTN,2021-08-01,1,1,0
BTN,2021-09-01,1,1,0
BTN,2021-10-01,0,0,0
BTN,2021-11-01,3,2,1
BTN,2021-12-01,8,7,1
BTN,2022-01-01,2,0,2
BTN,2022-02-01,1,1,0
BTN,2022-03-01,4,3,1
BTN,2022-04-01,3,1,2
BTN,2022-05-01,21,7,14
BTN,2022-06-01,45,26,19
BTN,2022-07-01,43,26,17
BTN,2022-08-01,43,32,11
BTN,2022-09-01,67,39,28
BTN,2022-10-01,23,18,5
BTN,2022-11-01,24,18,6
BTN,2022-12-01,58,28,30
BTN,2023-01-01,31,19,12
BTN,2023-02-01,25,18,7
BTN,2023-03-01,66,52,14
BTN,2023-04-01,25,14,11
BTN,2023-05-01,42,33,9
BTN,2023-06-01,35,22,13
BTN,2023-07-01,74,58,16
BTN,2023-08-01,91,48,43
BTN,2023-09-01,95,56,39
BTN,2023-10-01,58,39,19
BTN,2023-11-01,67,49,18
BWA,2020-01-01,29,14,15
BWA,2020-02-01,20,9,11
BWA,2020-03-01,6,2,4
BWA,2020-04-01,0,0,0
BWA,2020-05-01,0,0,0
BWA,2020-06-01,0,0,0
BWA,2020-07-01,0,0,0
BWA,2020-08-01,0,0,0
BWA,2020-09-01,0,0,0
BWA,2020-10-01,0,0,0
BWA,2020-11-01,0,0,0
BWA,2020-12-01,0,0,0
BWA,2021-01-01,0,0,0
BWA,2021-02-01,0,0,0
BWA,2021-03-01,0,0,0
BWA,2021-04-01,0,0,0
BWA,2021-05-01,2,1,1
BWA,2021-06-01,0,0,0
BWA,2021-07-01,0,0,0
BWA,2021-08-01,2,2,0
BWA,2021-09-01,0,0,0
BWA,2021-10-01,5,3,2
BWA,2021-11-01,0,0,0
BWA,2021-12-01,0,0,0
BWA,2022-01-01,3,1,2
BWA,2022-02-01,4,3,1
BWA,2022-03-01,2,1,1
BWA,2022-04-01,4,1,3
BWA,2022-05-01,22,14,8
BWA,2022-06-01,11,9,2
BWA,2022-07-01,13,5,8
BWA,2022-08-01,11,4,7
BWA,2022-09-01,6,1,5
BWA,2022-10-01,23,13,10
BWA,2022-11-01,5,3,2
BWA,2022-12-01,20,10,10
BWA,2023-01-01,18,8,10
BWA,2023-02-01,12,2,10
BWA,2023-03-01,13,8,5
BWA,2023-04-01,15,6,9
BWA,2023-05-01,12,5,7
BWA,2023-06-01,17,12,5
BWA,2023-07-01,8,3,5
BWA,2023-08-01,15,6,9
BWA,2023-09-01,74,22,52
BWA,2023-10-01,16,6,10
BWA,2023-11-01,14,8,6
CAF,2020-01-01,0,0,0
CAF,2020-02-01,1,1,0
CAF,2020-03-01,0,0,0
CAF,2020-04-01,0,0,0
CAF,2020-05-01,0,0,0
CAF,2020-06-01,0,0,0
CAF,2020-07-01,0,0,0
CAF,2020-08-01,0,0,0
CAF,2020-09-01,0,0,0
CAF,2020-10-01,0,0,0
CAF,2020-11-01,0,0,0
CAF,2020-12-01,0,0,0
CAF,2021-01-01,0,0,0
CAF,2021-02-01,0,0,0
CAF,2021-03-01,0,0,0
CAF,2021-04-01,0,0,0
CAF,2021-05-01,1,1,0
CAF,2021-06-01,0,0,0
CAF,2021-07-01,0,0,0
CAF,2021-08-01,0,0,0
CAF,2021-09-01,0,0,0
CAF,2021-10-01,0,0,0
CAF,2021-11-01,1,1,0
CAF,2021-12-01,0,0,0
CAF,2022-01-01,0,0,0
CAF,2022-02-01,0,0,0
CAF,2022-03-01,0,0,0
CAF,2022-04-01,0,0,0
CAF,2022-05-01,0,0,0
CAF,2022-06-01,1,1,0
CAF,2022-07-01,0,0,0
CAF,2022-08-01,0,0,0
CAF,2022-09-01,0,0,0
CAF,2022-10-01,0,0,0
CAF,2022-11-01,0,0,0
CAF,2022-12-01,0,0,0
CAF,2023-01-01,0,0,0
CAF,2023-02-01,0,0,0
CAF,2023-03-01,0,0,0
CAF,2023-04-01,0,0,0
CAF,2023-05-01,1,1,0
CAF,2023-06-01,0,0,0
CAF,2023-07-01,0,0,0
CAF,2023-08-01,4,3,1
CAF,2023-09-01,2,0,2
CAF,2023-10-01,1,0,1
CAF,2023-11-01,0,0,0
CAN,2020-01-01,9478,5358,4120
CAN,2020-02-01,6993,4176,2817
CAN,2020-03-01,2777,1657,1120
CAN,2020-04-01,2,2,0
CAN,2020-05-01,20,18,2
CAN,2020-06-01,15,13,2
CAN,2020-07-01,37,27,10
CAN,2020-08-01,52,29,23
CAN,2020-09-01,70,47,23
CAN,2020-10-01,43,28,15
CAN,2020-11-01,52,35,17
CAN,2020-12-01,35,23,12
CAN,2021-01-01,83,55,28
CAN,2021-02-01,32,25,7
CAN,2021-03-01,37,27,10
CAN,2021-04-01,36,29,7
CAN,2021-05-01,28,20,8
CAN,2021-06-01,29,19,10
CAN,2021-07-01,81,47,34
CAN,2021-08-01,80,42,38
CAN,2021-09-01,59,46,13
CAN,2021-10-01,68,50,18
CAN,2021-11-01,85,48,37
CAN,2021-12-01,186,119,67
CAN,2022-01-01,260,157,103
CAN,2022-02-01,165,119,46
CAN,2022-03-01,275,178,97
CAN,2022-04-01,1609,1001,608
CAN,2022-05-01,2341,1440,901
CAN,2022-06-01,2639,1596,1043
CAN,2022-07-01,3688,2155,1533
CAN,2022-08-01,4214,2442,1772
CAN,2022-09-01,4172,2578,1594
CAN,2022-10-01,5409,3238,2171
CAN,2022-11-01,5730,3388,2342
CAN,2022-12-01,5908,3381,2527
CAN,2023-01-01,7314,4153,3161
CAN,2023-02-01,7559,4299,3260
CAN,2023-03-01,7932,4527,3405
CAN,2023-04-01,6667,3677,2990
CAN,2023-05-01,6642,3696,2946
CAN,2023-06-01,4434,2516,1918
CAN,2023-07-01,7138,4006,3132
CAN,2023-08-01,6686,3810,2876
CAN,2023-09-01,6035,3558,2477
CAN,2023-10-01,7096,4054,3042
CAN,2023-11-01,7788,4430,3358
CCK,2020-01-01,0,0,0
CCK,2020-02-01,0,0,0
CCK,2020-03-01,0,0,0
CCK,2020-04-01,0,0,0
CCK,2020-05-01,0,0,0
CCK,2020-06-01,0,0,0
CCK,2020-07-01,0,0,0
CCK,2020-08-01,0,0,0
CCK,2020-09-01,0,0,0
CCK,2020-10-01,0,0,0
CCK,2020-11-01,0,0,0
CCK,2020-12-01,0,0,0
CCK,2021-01-01,0,0,0
CCK,2021-02-01,0,0,0
CCK,2021-03-01,0,0,0
CCK,2021-04-01,0,0,0
CCK,2021-05-01,0,0,0
CCK,2021-06-01,0,0,0
CCK,2021-07-01,0,0,0
CCK,2021-08-01,0,0,0
CCK,2021-09-01,0,0,0
CCK,2021-10-01,0,0,0
CCK,2021-11-01,0,0,0
CCK,2021-12-01,0,0,0
CCK,2022-01-01,0,0,0
CCK,2022-02-01,0,0,0
CCK,2022-03-01,0,0,0
CCK,2022-04-01,0,0,0
CCK,2022-05-01,0,0,0
CCK,2022-06-01,0,0,0
CCK,2022-07-01,0,0,0
CCK,2022-08-01,0,0,0
CCK,2022-09-01,0,0,0
CCK,2022-10-01,0,0,0
CCK,2022-11-01,1,1,0
CCK,2022-12-01,1,1,0
CCK,2023-01-01,0,0,0
CCK,2023-02-01,0,0,0
CCK,2023-03-01,0,0,0
CCK,2023-04-01,0,0,0
CCK,2023-05-01,0,0,0
CCK,2023-06-01,0,0,0
CCK,2023-07-01,0,0,0
CCK,2023-08-01,0,0,0
CCK,2023-09-01,0,0,0
CCK,2023-10-01,0,0,0
CCK,2023-11-01,0,0,0
CHE,2020-01-01,2446,1505,941
CHE,2020-02-01,2419,1436,983
CHE,2020-03-01,1082,623,459
CHE,2020-04-01,1,1,0
CHE,2020-05-01,1,1,0
CHE,2020-06-01,3,3,0
CHE,2020-07-01,18,14,4
CHE,2020-08-01,10,8,2
CHE,2020-09-01,17,14,3
CHE,2020-10-01,23,14,9
CHE,2020-11-01,16,11,5
CHE,2020-12-01,7,4,3
CHE,2021-01-01,16,7,9
CHE,2021-02-01,9,5,4
CHE,2021-03-01,20,11,9
CHE,2021-04-01,21,17,4
CHE,2021-05-01,11,10,1
CHE,2021-06-01,12,9,3
CHE,2021-07-01,10,6,4
CHE,2021-08-01,19,16,3
CHE,2021-09-01,23,17,6
CHE,2021-10-01,43,27,16
CHE,2021-11-01,31,17,14
CHE,2021-12-01,74,51,23
CHE,2022-01-01,118,72,46
CHE,2022-02-01,60,44,16
CHE,2022-03-01,89,70,19
CHE,2022-04-01,569,366,203
CHE,2022-05-01,773,516,257
CHE,2022-06-01,865,554,311
CHE,2022-07-01,1885,1080,805
CHE,2022-08-01,1560,951,609
CHE,2022-09-01,1285,804,481
CHE,2022-10-01,1778,1082,696
CHE,2022-11-01,1627,1063,564
CHE,2022-12-01,1593,974,619
CHE,2023-01-01,1893,1115,778
CHE,2023-02-01,2109,1227,882
CHE,2023-03-01,2145,1290,855
CHE,2023-04-01,2210,1297,913
CHE,2023-05-01,1787,1084,703
CHE,2023-06-01,1311,790,521
CHE,2023-07-01,3816,2069,1747
CHE,2023-08-01,2403,1388,1015
CHE,2023-09-01,1972,1207,765
CHE,2023-10-01,2126,1284,842
CHE,2023-11-01,2177,1309,868
CHL,2020-01-01,506,256,250
CHL,2020-02-01,592,279,313
CHL,2020-03-01,212,103,109
CHL,2020-04-01,0,0,0
CHL,2020-05-01,0,0,0
CHL,2020-06-01,0,0,0
CHL,2020-07-01,0,0,0
CHL,2020-08-01,2,1,1
CHL,2020-09-01,1,0,1
CHL,2020-10-01,4,4,0
CHL,2020-11-01,0,0,0
CHL,2020-12-01,1,1,0
CHL,2021-01-01,1,1,0
CHL,2021-02-01,2,1,1
CHL,2021-03-01,0,0,0
CHL,2021-04-01,1,0,1
CHL,2021-05-01,1,0,1
CHL,2021-06-01,0,0,0
CHL,2021-07-01,1,1,0
CHL,2021-08-01,4,2,2
CHL,2021-09-01,1,1,0
CHL,2021-10-01,15,9,6
CHL,2021-11-01,2,0,2
CHL,2021-12-01,9,6,3
CHL,2022-01-01,18,6,12
CHL,2022-02-01,3,1,2
CHL,2022-03-01,9,6,3
CHL,2022-04-01,46,35,11
CHL,2022-05-01,95,52,43
CHL,2022-06-01,132,67,65
CHL,2022-07-01,144,81,63
CHL,2022-08-01,152,85,67
CHL,2022-09-01,146,77,69
CHL,2022-10-01,186,109,77
CHL,2022-11-01,168,104,64
CHL,2022-12-01,152,82,70
CHL,2023-01-01,242,126,116
CHL,2023-02-01,330,154,176
CHL,2023-03-01,247,135,112
CHL,2023-04-01,253,123,130
CHL,2023-05-01,269,145,124
CHL,2023-06-01,190,105,85
CHL,2023-07-01,268,144,124
CHL,2023-08-01,373,194,179
CHL,2023-09-01,312,160,152
CHL,2023-10-01,310,157,153
CHL,2023-11-01,375,197,178
CHN,2020-01-01,285958,127396,158562
CHN,2020-02-01,70865,38838,32027
CHN,2020-03-01,31765,18522,13243
CHN,2020-04-01,60,28,32
CHN,2020-05-01,23,11,12
CHN,2020-06-01,196,135,61
CHN,2020-07-01,505,330,175
CHN,2020-08-01,621,436,185
CHN,2020-09-01,864,600,264
CHN,2020-10-01,1289,997,292
CHN,2020-11-01,1633,1305,328
CHN,2020-12-01,1034,847,187
CHN,2021-01-01,1106,942,164
CHN,2021-02-01,854,687,167
CHN,2021-03-01,1887,1581,306
CHN,2021-04-01,1675,1278,397
CHN,2021-05-01,1501,1246,255
CHN,2021-06-01,812,695,117
CHN,2021-07-01,873,731,142
CHN,2021-08-01,806,690,116
CHN,2021-09-01,1084,889,195
CHN,2021-10-01,1196,928,268
CHN,2021-11-01,1377,1081,296
CHN,2021-12-01,2384,1603,781
CHN,2022-01-01,2052,1303,749
CHN,2022-02-01,3185,2266,919
CHN,2022-03-01,3412,2497,915
CHN,2022-04-01,9545,5507,4038
CHN,2022-05-01,16335,8441,7894
CHN,2022-06-01,22784,10796,11988
CHN,2022-07-01,30250,14431,15819
CHN,2022-08-01,32301,15539,16762
CHN,2022-09-01,37902,18278,19624
CHN,2022-10-01,41187,19971,21216
CHN,2022-11-01,41360,20527,20833
CHN,2022-12-01,53998,24987,29011
CHN,2023-01-01,57290,26843,30447
CHN,2023-02-01,64892,34877,30015
CHN,2023-03-01,102774,52550,50224
CHN,2023-04-01,124583,61358,63225
CHN,2023-05-01,133136,66557,66579
CHN,2023-06-01,109815,52978,56837
CHN,2023-07-01,212546,97979,114567
CHN,2023-08-01,205942,97565,108377
CHN,2023-09-01,171971,82344,89627
CHN,2023-10-01,158682,77210,81472
CHN,2023-11-01,140694,72038,68656
CIV,2020-01-01,38,29,9
CIV,2020-02-01,12,6,6
CIV,2020-03-01,6,6,0
CIV,2020-04-01,0,0,0
CIV,2020-05-01,0,0,0
CIV,2020-06-01,0,0,0
CIV,2020-07-01,0,0,0
CIV,2020-08-01,0,0,0
CIV,2020-09-01,1,1,0
CIV,2020-10-01,0,0,0
CIV,2020-11-01,0,0,0
CIV,2020-12-01,2,2,0
CIV,2021-01-01,1,1,0
CIV,2021-02-01,0,0,0
CIV,2021-03-01,2,1,1
CIV,2021-04-01,0,0,0
CIV,2021-05-01,2,2,0
CIV,2021-06-01,1,0,1
CIV,2021-07-01,3,3,0
CIV,2021-08-01,0,0,0
CIV,2021-09-01,0,0,0
CIV,2021-10-01,1,0,1
CIV,2021-11-01,0,0,0
CIV,2021-12-01,2,2,0
CIV,2022-01-01,2,1,1
CIV,2022-02-01,8,7,1
CIV,2022-03-01,0,0,0
CIV,2022-04-01,3,0,3
CIV,2022-05-01,8,5,3
CIV,2022-06-01,7,2,5
CIV,2022-07-01,17,11,6
CIV,2022-08-01,19,10,9
CIV,2022-09-01,32,27,5
CIV,2022-10-01,58,42,16
CIV,2022-11-01,17,14,3
CIV,2022-12-01,11,9,2
CIV,2023-01-01,8,6,2
CIV,2023-02-01,27,21,6
CIV,2023-03-01,13,8,5
CIV,2023-04-01,12,6,6
CIV,2023-05-01,37,28,9
CIV,2023-06-01,17,13,4
CIV,2023-07-01,15,11,4
CIV,2023-08-01,44,33,11
CIV,2023-09-01,67,53,14
CIV,2023-10-01,18,13,5
CIV,2023-11-01,40,24,16
CMR,2020-01-01,37,27,10
CMR,2020-02-01,31,21,10
CMR,2020-03-01,14,9,5
CMR,2020-04-01,0,0,0
CMR,2020-05-01,0,0,0
CMR,2020-06-01,0,0,0
CMR,2020-07-01,0,0,0
CMR,2020-08-01,1,0,1
CMR,2020-09-01,0,0,0
CMR,2020-10-01,0,0,0
CMR,2020-11-01,0,0,0
CMR,2020-12-01,0,0,0
CMR,2021-01-01,2,1,1
CMR,2021-02-01,2,2,0
CMR,2021-03-01,3,3,0
CMR,2021-04-01,3,1,2
CMR,2021-05-01,1,1,0
CMR,2021-06-01,0,0,0
CMR,2021-07-01,2,1,1
CMR,2021-08-01,3,2,1
CMR,2021-09-01,3,1,2
CMR,2021-10-01,5,3,2
CMR,2021-11-01,1,1,0
CMR,2021-12-01,0,0,0
CMR,2022-01-01,4,2,2
CMR,2022-02-01,1,0,1
CMR,2022-03-01,6,6,0
CMR,2022-04-01,8,6,2
CMR,2022-05-01,9,5,4
CMR,2022-06-01,12,11,1
CMR,2022-07-01,20,17,3
CMR,2022-08-01,22,12,10
CMR,2022-09-01,18,15,3
CMR,2022-10-01,55,30,25
CMR,2022-11-01,20,16,4
CMR,2022-12-01,16,14,2
CMR,2023-01-01,23,18,5
CMR,2023-02-01,16,11,5
CMR,2023-03-01,26,19,7
CMR,2023-04-01,19,16,3
CMR,2023-05-01,33,22,11
CMR,2023-06-01,22,18,4
CMR,2023-07-01,26,16,10
CMR,2023-08-01,36,20,16
CMR,2023-09-01,80,64,16
CMR,2023-10-01,29,24,5
CMR,2023-11-01,28,14,14
COD,2020-01-01,9,4,5
COD,2020-02-01,10,9,1
COD,2020-03-01,11,6,5
COD,2020-04-01,0,0,0
COD,2020-05-01,0,0,0
COD,2020-06-01,0,0,0
COD,2020-07-01,0,0,0
COD,2020-08-01,1,1,0
COD,2020-09-01,0,0,0
COD,2020-10-01,1,0,1
COD,2020-11-01,0,0,0
COD,2020-12-01,0,0,0
COD,2021-01-01,0,0,0
COD,2021-02-01,0,0,0
COD,2021-03-01,1,1,0
COD,2021-04-01,4,3,1
COD,2021-05-01,1,1,0
COD,2021-06-01,0,0,0
COD,2021-07-01,1,1,0
COD,2021-08-01,1,1,0
COD,2021-09-01,0,0,0
COD,2021-10-01,6,3,3
COD,2021-11-01,0,0,0
COD,2021-12-01,1,0,1
COD,2022-01-01,2,2,0
COD,2022-02-01,2,1,1
COD,2022-03-01,2,1,1
COD,2022-04-01,2,2,0
COD,2022-05-01,6,5,1
COD,2022-06-01,9,5,4
COD,2022-07-01,6,1,5
COD,2022-08-01,14,10,4
COD,2022-09-01,15,13,2
COD,2022-10-01,5,5,0
COD,2022-11-01,2,2,0
COD,2022-12-01,4,3,1
COD,2023-01-01,14,9,5
COD,2023-02-01,6,6,0
COD,2023-03-01,14,12,2
COD,2023-04-01,8,7,1
COD,2023-05-01,16,12,4
COD,2023-06-01,17,14,3
COD,2023-07-01,15,11,4
COD,2023-08-01,16,10,6
COD,2023-09-01,19,13,6
COD,2023-10-01,16,13,3
COD,2023-11-01,13,9,4
COG,2020-01-01,3,3,0
COG,2020-02-01,3,1,2
COG,2020-03-01,1,0,1
COG,2020-04-01,0,0,0
COG,2020-05-01,0,0,0
COG,2020-06-01,0,0,0
COG,2020-07-01,0,0,0
COG,2020-08-01,0,0,0
COG,2020-09-01,0,0,0
COG,2020-10-01,0,0,0
COG,2020-11-01,0,0,0
COG,2020-12-01,0,0,0
COG,2021-01-01,0,0,0
COG,2021-02-01,0,0,0
COG,2021-03-01,0,0,0
COG,2021-04-01,0,0,0
COG,2021-05-01,0,0,0
COG,2021-06-01,0,0,0
COG,2021-07-01,0,0,0
COG,2021-08-01,0,0,0
COG,2021-09-01,0,0,0
COG,2021-10-01,1,1,0
COG,2021-11-01,0,0,0
COG,2021-12-01,0,0,0
COG,2022-01-01,0,0,0
COG,2022-02-01,0,0,0
COG,2022-03-01,0,0,0
COG,2022-04-01,1,1,0
COG,2022-05-01,0,0,0
COG,2022-06-01,2,2,0
COG,2022-07-01,0,0,0
COG,2022-08-01,0,0,0
COG,2022-09-01,1,1,0
COG,2022-10-01,1,1,0
COG,2022-11-01,6,3,3
COG,2022-12-01,5,5,0
COG,2023-01-01,0,0,0
COG,2023-02-01,2,2,0
COG,2023-03-01,0,0,0
COG,2023-04-01,0,0,0
COG,2023-05-01,0,0,0
COG,2023-06-01,1,0,1
COG,2023-07-01,8,6,2
COG,2023-08-01,4,2,2
COG,2023-09-01,18,11,7
COG,2023-10-01,17,14,3
COG,2023-11-01,1,0,1
COK,2020-01-01,0,0,0
COK,2020-02-01,0,0,0
COK,2020-03-01,0,0,0
COK,2020-04-01,0,0,0
COK,2020-05-01,0,0,0
COK,2020-06-01,0,0,0
COK,2020-07-01,0,0,0
COK,2020-08-01,0,0,0
COK,2020-09-01,0,0,0
COK,2020-10-01,0,0,0
COK,2020-11-01,0,0,0
COK,2020-12-01,0,0,0
COK,2021-01-01,0,0,0
COK,2021-02-01,0,0,0
COK,2021-03-01,0,0,0
COK,2021-04-01,0,0,0
COK,2021-05-01,0,0,0
COK,2021-06-01,0,0,0
COK,2021-07-01,0,0,0
COK,2021-08-01,0,0,0
COK,2021-09-01,0,0,0
COK,2021-10-01,0,0,0
COK,2021-11-01,0,0,0
COK,2021-12-01,0,0,0
COK,2022-01-01,0,0,0
COK,2022-02-01,0,0,0
COK,2022-03-01,0,0,0
COK,2022-04-01,0,0,0
COK,2022-05-01,0,0,0
COK,2022-06-01,0,0,0
COK,2022-07-01,0,0,0
COK,2022-08-01,0,0,0
COK,2022-09-01,0,0,0
COK,2022-10-01,0,0,0
COK,2022-11-01,0,0,0
COK,2022-12-01,0,0,0
COK,2023-01-01,0,0,0
COK,2023-02-01,0,0,0
COK,2023-03-01,0,0,0
COK,2023-04-01,0,0,0
COK,2023-05-01,0,0,0
COK,2023-06-01,0,0,0
COK,2023-07-01,1,1,0
COK,2023-08-01,0,0,0
COK,2023-09-01,0,0,0
COK,2023-10-01,0,0,0
COK,2023-11-01,0,0,0
COL,2020-01-01,247,131,116
COL,2020-02-01,137,69,68
COL,2020-03-01,59,30,29
COL,2020-04-01,0,0,0
COL,2020-05-01,0,0,0
COL,2020-06-01,0,0,0
COL,2020-07-01,3,1,2
COL,2020-08-01,0,0,0
COL,2020-09-01,0,0,0
COL,2020-10-01,1,1,0
COL,2020-11-01,3,0,3
COL,2020-12-01,4,2,2
COL,2021-01-01,6,1,5
COL,2021-02-01,5,3,2
COL,2021-03-01,10,3,7
COL,2021-04-01,7,3,4
COL,2021-05-01,4,3,1
COL,2021-06-01,1,1,0
COL,2021-07-01,5,2,3
COL,2021-08-01,7,4,3
COL,2021-09-01,9,5,4
COL,2021-10-01,7,4,3
COL,2021-11-01,5,3,2
COL,2021-12-01,10,6,4
COL,2022-01-01,37,20,17
COL,2022-02-01,10,2,8
COL,2022-03-01,14,10,4
COL,2022-04-01,52,22,30
COL,2022-05-01,127,67,60
COL,2022-06-01,78,35,43
COL,2022-07-01,126,58,68
COL,2022-08-01,115,60,55
COL,2022-09-01,139,81,58
COL,2022-10-01,244,123,121
COL,2022-11-01,153,85,68
COL,2022-12-01,152,78,74
COL,2023-01-01,224,116,108
COL,2023-02-01,130,68,62
COL,2023-03-01,165,81,84
COL,2023-04-01,204,100,104
COL,2023-05-01,233,110,123
COL,2023-06-01,185,85,100
COL,2023-07-01,251,127,124
COL,2023-08-01,241,129,112
COL,2023-09-01,429,243,186
COL,2023-10-01,306,169,137
COL,2023-11-01,220,125,95
COM,2020-01-01,20,13,7
COM,2020-02-01,18,14,4
COM,2020-03-01,7,7,0
COM,2020-04-01,0,0,0
COM,2020-05-01,0,0,0
COM,2020-06-01,0,0,0
COM,2020-07-01,0,0,0
COM,2020-08-01,0,0,0
COM,2020-09-01,0,0,0
COM,2020-10-01,2,0,2
COM,2020-11-01,2,0,2
COM,2020-12-01,0,0,0
COM,2021-01-01,0,0,0
COM,2021-02-01,3,2,1
COM,2021-03-01,4,3,1
COM,2021-04-01,2,1,1
COM,2021-05-01,4,2,2
COM,2021-06-01,0,0,0
COM,2021-07-01,0,0,0
COM,2021-08-01,0,0,0
COM,2021-09-01,6,4,2
COM,2021-10-01,2,2,0
COM,2021-11-01,1,0,1
COM,2021-12-01,2,1,1
COM,2022-01-01,1,1,0
COM,2022-02-01,8,2,6
COM,2022-03-01,9,8,1
COM,2022-04-01,13,6,7
COM,2022-05-01,6,5,1
COM,2022-06-01,9,5,4
COM,2022-07-01,2,1,1
COM,2022-08-01,10,3,7
COM,2022-09-01,4,4,0
COM,2022-10-01,10,8,2
COM,2022-11-01,16,10,6
COM,2022-12-01,18,11,7
COM,2023-01-01,16,11,5
COM,2023-02-01,22,9,13
COM,2023-03-01,11,3,8
COM,2023-04-01,6,4,2
COM,2023-05-01,4,4,0
COM,2023-06-01,36,24,12
COM,2023-07-01,39,17,22
COM,2023-08-01,22,12,10
COM,2023-09-01,37,26,11
COM,2023-10-01,21,13,8
COM,2023-11-01,17,11,6
CPV,2020-01-01,4,2,2
CPV,2020-02-01,5,4,1
CPV,2020-03-01,2,2,0
CPV,2020-04-01,0,0,0
CPV,2020-05-01,0,0,0
CPV,2020-06-01,0,0,0
CPV,2020-07-01,0,0,0
CPV,2020-08-01,0,0,0
CPV,2020-09-01,0,0,0
CPV,2020-10-01,0,0,0
CPV,2020-11-01,0,0,0
CPV,2020-12-01,0,0,0
CPV,2021-01-01,0,0,0
CPV,2021-02-01,0,0,0
CPV,2021-03-01,0,0,0
CPV,2021-04-01,0,0,0
CPV,2021-05-01,0,0,0
CPV,2021-06-01,0,0,0
CPV,2021-07-01,0,0,0
CPV,2021-08-01,0,0,0
CPV,2021-09-01,0,0,0
CPV,2021-10-01,0,0,0
CPV,2021-11-01,0,0,0
CPV,2021-12-01,0,0,0
CPV,2022-01-01,0,0,0
CPV,2022-02-01,0,0,0
CPV,2022-03-01,0,0,0
CPV,2022-04-01,2,0,2
CPV,2022-05-01,3,2,1
CPV,2022-06-01,1,1,0
CPV,2022-07-01,1,1,0
CPV,2022-08-01,5,3,2
CPV,2022-09-01,1,1,0
CPV,2022-10-01,5,2,3
CPV,2022-11-01,4,2,2
CPV,2022-12-01,1,0,1
CPV,2023-01-01,5,2,3
CPV,2023-02-01,2,2,0
CPV,2023-03-01,3,1,2
CPV,2023-04-01,0,0,0
CPV,2023-05-01,1,0,1
CPV,2023-06-01,2,2,0
CPV,2023-07-01,3,2,1
CPV,2023-08-01,7,4,3
CPV,2023-09-01,1,0,1
CPV,2023-10-01,5,2,3
CPV,2023-11-01,2,0,2
CRI,2020-01-01,87,52,35
CRI,2020-02-01,75,50,25
CRI,2020-03-01,23,12,11
CRI,2020-04-01,0,0,0
CRI,2020-05-01,0,0,0
CRI,2020-06-01,0,0,0
CRI,2020-07-01,0,0,0
CRI,2020-08-01,3,2,1
CRI,2020-09-01,0,0,0
CRI,2020-10-01,3,3,0
CRI,2020-11-01,0,0,0
CRI,2020-12-01,1,1,0
CRI,2021-01-01,21,11,10
CRI,2021-02-01,18,14,4
CRI,2021-03-01,4,2,2
CRI,2021-04-01,1,0,1
CRI,2021-05-01,37,30,7
CRI,2021-06-01,1,1,0
CRI,2021-07-01,3,1,2
CRI,2021-08-01,0,0,0
CRI,2021-09-01,0,0,0
CRI,2021-10-01,2,1,1
CRI,2021-11-01,3,1,2
CRI,2021-12-01,1,0,1
CRI,2022-01-01,17,6,11
CRI,2022-02-01,5,4,1
CRI,2022-03-01,4,4,0
CRI,2022-04-01,21,10,11
CRI,2022-05-01,33,24,9
CRI,2022-06-01,31,19,12
CRI,2022-07-01,44,19,25
CRI,2022-08-01,43,21,22
CRI,2022-09-01,61,35,26
CRI,2022-10-01,94,48,46
CRI,2022-11-01,53,30,23
CRI,2022-12-01,43,22,21
CRI,2023-01-01,73,39,34
CRI,2023-02-01,50,31,19
CRI,2023-03-01,66,41,25
CRI,2023-04-01,96,52,44
CRI,2023-05-01,62,36,26
CRI,2023-06-01,45,23,22
CRI,2023-07-01,94,54,40
CRI,2023-08-01,82,50,32
CRI,2023-09-01,94,52,42
CRI,2023-10-01,99,59,40
CRI,2023-11-01,80,54,26
CUB,2020-01-01,48,29,19
CUB,2020-02-01,37,24,13
CUB,2020-03-01,12,7,5
CUB,2020-04-01,0,0,0
CUB,2020-05-01,0,0,0
CUB,2020-06-01,0,0,0
CUB,2020-07-01,0,0,0
CUB,2020-08-01,0,0,0
CUB,2020-09-01,0,0,0
CUB,2020-10-01,0,0,0
CUB,2020-11-01,0,0,0
CUB,2020-12-01,0,0,0
CUB,2021-01-01,0,0,0
CUB,2021-02-01,0,0,0
CUB,2021-03-01,2,1,1
CUB,2021-04-01,0,0,0
CUB,2021-05-01,0,0,0
CUB,2021-06-01,0,0,0
CUB,2021-07-01,0,0,0
CUB,2021-08-01,0,0,0
CUB,2021-09-01,0,0,0
CUB,2021-10-01,0,0,0
CUB,2021-11-01,0,0,0
CUB,2021-12-01,2,1,1
CUB,2022-01-01,5,2,3
CUB,2022-02-01,0,0,0
CUB,2022-03-01,0,0,0
CUB,2022-04-01,5,4,1
CUB,2022-05-01,14,9,5
CUB,2022-06-01,6,5,1
CUB,2022-07-01,23,13,10
CUB,2022-08-01,20,13,7
CUB,2022-09-01,16,4,12
CUB,2022-10-01,40,23,17
CUB,2022-11-01,28,17,11
CUB,2022-12-01,55,36,19
CUB,2023-01-01,23,7,16
CUB,2023-02-01,19,9,10
CUB,2023-03-01,23,13,10
CUB,2023-04-01,29,18,11
CUB,2023-05-01,32,18,14
CUB,2023-06-01,25,14,11
CUB,2023-07-01,39,26,13
CUB,2023-08-01,33,22,11
CUB,2023-09-01,25,12,13
CUB,2023-10-01,18,9,9
CUB,2023-11-01,39,21,18
CYP,2020-01-01,88,51,37
CYP,2020-02-01,75,43,32
CYP,2020-03-01,21,15,6
CYP,2020-04-01,0,0,0
CYP,2020-05-01,0,0,0
CYP,2020-06-01,0,0,0
CYP,2020-07-01,2,2,0
CYP,2020-08-01,0,0,0
CYP,2020-09-01,1,1,0
CYP,2020-10-01,0,0,0
CYP,2020-11-01,0,0,0
CYP,2020-12-01,0,0,0
CYP,2021-01-01,0,0,0
CYP,2021-02-01,3,2,1
CYP,2021-03-01,1,1,0
CYP,2021-04-01,1,1,0
CYP,2021-05-01,3,2,1
CYP,2021-06-01,0,0,0
CYP,2021-07-01,0,0,0
CYP,2021-08-01,0,0,0
CYP,2021-09-01,0,0,0
CYP,2021-10-01,0,0,0
CYP,2021-11-01,0,0,0
CYP,2021-12-01,0,0,0
CYP,2022-01-01,10,8,2
CYP,2022-02-01,8,5,3
CYP,2022-03-01,3,2,1
CYP,2022-04-01,13,11,2
CYP,2022-05-01,42,30,12
CYP,2022-06-01,39,30,9
CYP,2022-07-01,64,42,22
CYP,2022-08-01,74,43,31
CYP,2022-09-01,48,36,12
CYP,2022-10-01,43,28,15
CYP,2022-11-01,63,42,21
CYP,2022-12-01,80,46,34
CYP,2023-01-01,72,42,30
CYP,2023-02-01,47,32,15
CYP,2023-03-01,91,56,35
CYP,2023-04-01,73,47,26
CYP,2023-05-01,58,37,21
CYP,2023-06-01,76,59,17
CYP,2023-07-01,139,82,57
CYP,2023-08-01,143,89,54
CYP,2023-09-01,82,59,23
CYP,2023-10-01,96,57,39
CYP,2023-11-01,125,80,45
CZE,2020-01-01,1783,998,785
CZE,2020-02-01,2151,1139,1012
CZE,2020-03-01,783,436,347
CZE,2020-04-01,0,0,0
CZE,2020-05-01,1,1,0
CZE,2020-06-01,1,1,0
CZE,2020-07-01,7,5,2
CZE,2020-08-01,7,6,1
CZE,2020-09-01,24,19,5
CZE,2020-10-01,5,4,1
CZE,2020-11-01,8,7,1
CZE,2020-12-01,4,3,1
CZE,2021-01-01,11,11,0
CZE,2021-02-01,6,6,0
CZE,2021-03-01,7,4,3
CZE,2021-04-01,9,8,1
CZE,2021-05-01,6,6,0
CZE,2021-06-01,2,2,0
CZE,2021-07-01,4,2,2
CZE,2021-08-01,8,4,4
CZE,2021-09-01,3,2,1
CZE,2021-10-01,4,4,0
CZE,2021-11-01,13,10,3
CZE,2021-12-01,15,8,7
CZE,2022-01-01,20,15,5
CZE,2022-02-01,24,18,6
CZE,2022-03-01,39,30,9
CZE,2022-04-01,155,102,53
CZE,2022-05-01,157,107,50
CZE,2022-06-01,291,175,116
CZE,2022-07-01,534,297,237
CZE,2022-08-01,496,270,226
CZE,2022-09-01,436,267,169
CZE,2022-10-01,496,299,197
CZE,2022-11-01,684,419,265
CZE,2022-12-01,570,330,240
CZE,2023-01-01,790,447,343
CZE,2023-02-01,1020,580,440
CZE,2023-03-01,1165,673,492
CZE,2023-04-01,772,457,315
CZE,2023-05-01,445,282,163
CZE,2023-06-01,403,252,151
CZE,2023-07-01,927,504,423
CZE,2023-08-01,671,350,321
CZE,2023-09-01,582,345,237
CZE,2023-10-01,643,373,270
CZE,2023-11-01,1014,559,455
DEU,2020-01-01,11673,7345,4328
DEU,2020-02-01,12386,7517,4869
DEU,2020-03-01,6590,3897,2693
DEU,2020-04-01,6,4,2
DEU,2020-05-01,4,2,2
DEU,2020-06-01,19,16,3
DEU,2020-07-01,117,75,42
DEU,2020-08-01,67,49,18
DEU,2020-09-01,73,59,14
DEU,2020-10-01,112,88,24
DEU,2020-11-01,55,46,9
DEU,2020-12-01,35,26,9
DEU,2021-01-01,97,80,17
DEU,2021-02-01,66,57,9
DEU,2021-03-01,94,88,6
DEU,2021-04-01,104,95,9
DEU,2021-05-01,68,55,13
DEU,2021-06-01,51,46,5
DEU,2021-07-01,82,51,31
DEU,2021-08-01,118,77,41
DEU,2021-09-01,159,118,41
DEU,2021-10-01,131,107,24
DEU,2021-11-01,171,146,25
DEU,2021-12-01,371,264,107
DEU,2022-01-01,449,345,104
DEU,2022-02-01,351,291,60
DEU,2022-03-01,512,401,111
DEU,2022-04-01,2796,2013,783
DEU,2022-05-01,4394,3006,1388
DEU,2022-06-01,5064,3411,1653
DEU,2022-07-01,7806,4799,3007
DEU,2022-08-01,9555,5640,3915
DEU,2022-09-01,8309,5195,3114
DEU,2022-10-01,8811,5613,3198
DEU,2022-11-01,8530,5689,2841
DEU,2022-12-01,11699,6862,4837
DEU,2023-01-01,12512,7343,5169
DEU,2023-02-01,14047,8367,5680
DEU,2023-03-01,13048,7880,5168
DEU,2023-04-01,10770,6381,4389
DEU,2023-05-01,11331,6716,4615
DEU,2023-06-01,7307,4590,2717
DEU,2023-07-01,11911,7145,4766
DEU,2023-08-01,13152,7625,5527
DEU,2023-09-01,11381,6973,4408
DEU,2023-10-01,10969,6813,4156
DEU,2023-11-01,11746,7517,4229
DJI,2020-01-01,9,3,6
DJI,2020-02-01,24,15,9
DJI,2020-03-01,4,0,4
DJI,2020-04-01,0,0,0
DJI,2020-05-01,0,0,0
DJI,2020-06-01,0,0,0
DJI,2020-07-01,0,0,0
DJI,2020-08-01,0,0,0
DJI,2020-09-01,0,0,0
DJI,2020-10-01,2,2,0
DJI,2020-11-01,0,0,0
DJI,2020-12-01,0,0,0
DJI,2021-01-01,0,0,0
DJI,2021-02-01,0,0,0
DJI,2021-03-01,10,0,10
DJI,2021-04-01,24,15,9
DJI,2021-05-01,1,0,1
DJI,2021-06-01,1,0,1
DJI,2021-07-01,1,1,0
DJI,2021-08-01,2,0,2
DJI,2021-09-01,1,1,0
DJI,2021-10-01,2,0,2
DJI,2021-11-01,3,2,1
DJI,2021-12-01,6,1,5
DJI,2022-01-01,6,3,3
DJI,2022-02-01,3,1,2
DJI,2022-03-01,10,6,4
DJI,2022-04-01,6,3,3
DJI,2022-05-01,6,3,3
DJI,2022-06-01,5,4,1
DJI,2022-07-01,1,0,1
DJI,2022-08-01,18,13,5
DJI,2022-09-01,11,7,4
DJI,2022-10-01,24,21,3
DJI,2022-11-01,7,4,3
DJI,2022-12-01,25,12,13
DJI,2023-01-01,15,8,7
DJI,2023-02-01,5,3,2
DJI,2023-03-01,4,1,3
DJI,2023-04-01,5,2,3
DJI,2023-05-01,40,22,18
DJI,2023-06-01,8,7,1
DJI,2023-07-01,2,2,0
DJI,2023-08-01,10,5,5
DJI,2023-09-01,13,9,4
DJI,2023-10-01,13,9,4
DJI,2023-11-01,14,9,5
DMA,2020-01-01,57,46,11
DMA,2020-02-01,45,36,9
DMA,2020-03-01,14,12,2
DMA,2020-04-01,0,0,0
DMA,2020-05-01,0,0,0
DMA,2020-06-01,1,1,0
DMA,2020-07-01,0,0,0
DMA,2020-08-01,0,0,0
DMA,2020-09-01,0,0,0
DMA,2020-10-01,0,0,0
DMA,2020-11-01,0,0,0
DMA,2020-12-01,0,0,0
DMA,2021-01-01,1,1,0
DMA,2021-02-01,1,1,0
DMA,2021-03-01,1,1,0
DMA,2021-04-01,0,0,0
DMA,2021-05-01,0,0,0
DMA,2021-06-01,0,0,0
DMA,2021-07-01,0,0,0
DMA,2021-08-01,4,3,1
DMA,2021-09-01,0,0,0
DMA,2021-10-01,0,0,0
DMA,2021-11-01,8,3,5
DMA,2021-12-01,5,5,0
DMA,2022-01-01,0,0,0
DMA,2022-02-01,3,3,0
DMA,2022-03-01,5,4,1
DMA,2022-04-01,14,11,3
DMA,2022-05-01,27,21,6
DMA,2022-06-01,16,13,3
DMA,2022-07-01,26,17,9
DMA,2022-08-01,38,28,10
DMA,2022-09-01,33,30,3
DMA,2022-10-01,36,30,6
DMA,2022-11-01,26,22,4
DMA,2022-12-01,24,20,4
DMA,2023-01-01,39,29,10
DMA,2023-02-01,42,33,9
DMA,2023-03-01,65,50,15
DMA,2023-04-01,28,24,4
DMA,2023-05-01,32,30,2
DMA,2023-06-01,48,40,8
DMA,2023-07-01,66,47,19
DMA,2023-08-01,57,40,17
DMA,2023-09-01,70,55,15
DMA,2023-10-01,48,41,7
DMA,2023-11-01,39,34,5
DNK,2020-01-01,2772,1644,1128
DNK,2020-02-01,3009,1669,1340
DNK,2020-03-01,890,506,384
DNK,2020-04-01,0,0,0
DNK,2020-05-01,0,0,0
DNK,2020-06-01,2,2,0
DNK,2020-07-01,35,30,5
DNK,2020-08-01,20,10,10
DNK,2020-09-01,19,15,4
DNK,2020-10-01,28,26,2
DNK,2020-11-01,24,19,5
DNK,2020-12-01,12,6,6
DNK,2021-01-01,26,18,8
DNK,2021-02-01,17,17,0
DNK,2021-03-01,21,18,3
DNK,2021-04-01,34,27,7
DNK,2021-05-01,11,10,1
DNK,2021-06-01,10,9,1
DNK,2021-07-01,14,10,4
DNK,2021-08-01,35,25,10
DNK,2021-09-01,39,32,7
DNK,2021-10-01,30,21,9
DNK,2021-11-01,36,32,4
DNK,2021-12-01,58,47,11
DNK,2022-01-01,127,93,34
DNK,2022-02-01,59,48,11
DNK,2022-03-01,106,80,26
DNK,2022-04-01,519,358,161
DNK,2022-05-01,620,412,208
DNK,2022-06-01,741,503,238
DNK,2022-07-01,1501,849,652
DNK,2022-08-01,1012,624,388
DNK,2022-09-01,1082,675,407
DNK,2022-10-01,1219,777,442
DNK,2022-11-01,1218,805,413
DNK,2022-12-01,1086,657,429
DNK,2023-01-01,1714,984,730
DNK,2023-02-01,1965,1142,823
DNK,2023-03-01,1844,1053,791
DNK,2023-04-01,1621,954,667
DNK,2023-05-01,1138,772,366
DNK,2023-06-01,1025,643,382
DNK,2023-07-01,2362,1329,1033
DNK,2023-08-01,1194,739,455
DNK,2023-09-01,1282,829,453
DNK,2023-10-01,1618,985,633
DNK,2023-11-01,1583,1032,551
DOM,2020-01-01,23,13,10
DOM,2020-02-01,35,23,12
DOM,2020-03-01,6,4,2
DOM,2020-04-01,0,0,0
DOM,2020-05-01,0,0,0
DOM,2020-06-01,0,0,0
DOM,2020-07-01,1,1,0
DOM,2020-08-01,0,0,0
DOM,2020-09-01,0,0,0
DOM,2020-10-01,0,0,0
DOM,2020-11-01,0,0,0
DOM,2020-12-01,0,0,0
DOM,2021-01-01,0,0,0
DOM,2021-02-01,0,0,0
DOM,2021-03-01,0,0,0
DOM,2021-04-01,0,0,0
DOM,2021-05-01,0,0,0
DOM,2021-06-01,0,0,0
DOM,2021-07-01,0,0,0
DOM,2021-08-01,0,0,0
DOM,2021-09-01,0,0,0
DOM,2021-10-01,0,0,0
DOM,2021-11-01,0,0,0
DOM,2021-12-01,1,1,0
DOM,2022-01-01,1,1,0
DOM,2022-02-01,0,0,0
DOM,2022-03-01,0,0,0
DOM,2022-04-01,0,0,0
DOM,2022-05-01,14,4,10
DOM,2022-06-01,9,5,4
DOM,2022-07-01,17,10,7
DOM,2022-08-01,13,7,6
DOM,2022-09-01,9,4,5
DOM,2022-10-01,42,20,22
DOM,2022-11-01,8,8,0
DOM,2022-12-01,14,6,8
DOM,2023-01-01,14,9,5
DOM,2023-02-01,23,11,12
DOM,2023-03-01,70,41,29
DOM,2023-04-01,37,19,18
DOM,2023-05-01,22,14,8
DOM,2023-06-01,21,13,8
DOM,2023-07-01,18,9,9
DOM,2023-08-01,19,11,8
DOM,2023-09-01,36,14,22
DOM,2023-10-01,22,10,12
DOM,2023-11-01,96,47,49
DZA,2020-01-01,783,570,213
DZA,2020-02-01,916,659,257
DZA,2020-03-01,367,268,99
DZA,2020-04-01,0,0,0
DZA,2020-05-01,0,0,0
DZA,2020-06-01,1,1,0
DZA,2020-07-01,4,2,2
DZA,2020-08-01,5,4,1
DZA,2020-09-01,2,2,0
DZA,2020-10-01,1,1,0
DZA,2020-11-01,4,3,1
DZA,2020-12-01,9,7,2
DZA,2021-01-01,9,5,4
DZA,2021-02-01,4,3,1
DZA,2021-03-01,4,2,2
DZA,2021-04-01,3,2,1
DZA,2021-05-01,4,4,0
DZA,2021-06-01,11,7,4
DZA,2021-07-01,3,1,2
DZA,2021-08-01,12,5,7
DZA,2021-09-01,26,12,14
DZA,2021-10-01,11,9,2
DZA,2021-11-01,26,18,8
DZA,2021-12-01,45,35,10
DZA,2022-01-01,50,37,13
DZA,2022-02-01,47,32,15
DZA,2022-03-01,54,36,18
DZA,2022-04-01,119,87,32
DZA,2022-05-01,225,158,67
DZA,2022-06-01,222,136,86
DZA,2022-07-01,289,166,123
DZA,2022-08-01,929,490,439
DZA,2022-09-01,501,303,198
DZA,2022-10-01,451,313,138
DZA,2022-11-01,491,359,132
DZA,2022-12-01,322,219,103
DZA,2023-01-01,500,336,164
DZA,2023-02-01,404,280,124
DZA,2023-03-01,414,304,110
DZA,2023-04-01,289,205,84
DZA,2023-05-01,656,437,219
DZA,2023-06-01,503,335,168
DZA,2023-07-01,1172,641,531
DZA,2023-08-01,3192,1608,1584
DZA,2023-09-01,1716,1072,644
DZA,2023-10-01,1186,768,418
DZA,2023-11-01,795,536,259
ECU,2020-01-01,107,48,59
ECU,2020-02-01,80,40,40
ECU,2020-03-01,15,7,8
ECU,2020-04-01,0,0,0
ECU,2020-05-01,0,0,0
ECU,2020-06-01,1,0,1
ECU,2020-07-01,1,0,1
ECU,2020-08-01,0,0,0
ECU,2020-09-01,0,0,0
ECU,2020-10-01,0,0,0
ECU,2020-11-01,1,1,0
ECU,2020-12-01,1,1,0
ECU,2021-01-01,0,0,0
ECU,2021-02-01,0,0,0
ECU,2021-03-01,0,0,0
ECU,2021-04-01,1,1,0
ECU,2021-05-01,2,2,0
ECU,2021-06-01,0,0,0
ECU,2021-07-01,0,0,0
ECU,2021-08-01,1,0,1
ECU,2021-09-01,0,0,0
ECU,2021-10-01,1,1,0
ECU,2021-11-01,0,0,0
ECU,2021-12-01,3,3,0
ECU,2022-01-01,2,2,0
ECU,2022-02-01,0,0,0
ECU,2022-03-01,2,1,1
ECU,2022-04-01,28,16,12
ECU,2022-05-01,31,14,17
ECU,2022-06-01,29,16,13
ECU,2022-07-01,42,17,25
ECU,2022-08-01,66,28,38
ECU,2022-09-01,57,29,28
ECU,2022-10-01,99,57,42
ECU,2022-11-01,50,28,22
ECU,2022-12-01,51,22,29
ECU,2023-01-01,38,16,22
ECU,2023-02-01,56,40,16
ECU,2023-03-01,81,43,38
ECU,2023-04-01,94,50,44
ECU,2023-05-01,60,30,30
ECU,2023-06-01,64,22,42
ECU,2023-07-01,88,47,41
ECU,2023-08-01,102,40,62
ECU,2023-09-01,148,67,81
ECU,2023-10-01,82,48,34
ECU,2023-11-01,123,64,59
EGY,2020-01-01,3079,1928,1151
EGY,2020-02-01,2862,1996,866
EGY,2020-03-01,763,580,183
EGY,2020-04-01,8,7,1
EGY,2020-05-01,13,11,2
EGY,2020-06-01,3,3,0
EGY,2020-07-01,27,18,9
EGY,2020-08-01,30,22,8
EGY,2020-09-01,35,28,7
EGY,2020-10-01,53,39,14
EGY,2020-11-01,28,23,5
EGY,2020-12-01,50,39,11
EGY,2021-01-01,40,30,10
EGY,2021-02-01,56,44,12
EGY,2021-03-01,114,86,28
EGY,2021-04-01,98,75,23
EGY,2021-05-01,76,59,17
EGY,2021-06-01,50,36,14
EGY,2021-07-01,52,39,13
EGY,2021-08-01,81,61,20
EGY,2021-09-01,73,54,19
EGY,2021-10-01,165,125,40
EGY,2021-11-01,213,160,53
EGY,2021-12-01,271,206,65
EGY,2022-01-01,342,248,94
EGY,2022-02-01,270,210,60
EGY,2022-03-01,234,177,57
EGY,2022-04-01,648,458,190
EGY,2022-05-01,1266,894,372
EGY,2022-06-01,1136,775,361
EGY,2022-07-01,1290,798,492
EGY,2022-08-01,1915,1235,680
EGY,2022-09-01,1999,1354,645
EGY,2022-10-01,2073,1444,629
EGY,2022-11-01,1525,1044,481
EGY,2022-12-01,1634,1030,604
EGY,2023-01-01,1669,1144,525
EGY,2023-02-01,1777,1251,526
EGY,2023-03-01,1556,1212,344
EGY,2023-04-01,1665,1184,481
EGY,2023-05-01,2121,1592,529
EGY,2023-06-01,1864,1292,572
EGY,2023-07-01,2320,1458,862
EGY,2023-08-01,2828,1822,1006
EGY,2023-09-01,2648,1794,854
EGY,2023-10-01,2590,1828,762
EGY,2023-11-01,2218,1547,671
ERI,2020-01-01,31,20,11
ERI,2020-02-01,31,21,10
ERI,2020-03-01,3,3,0
ERI,2020-04-01,0,0,0
ERI,2020-05-01,0,0,0
ERI,2020-06-01,0,0,0
ERI,2020-07-01,0,0,0
ERI,2020-08-01,0,0,0
ERI,2020-09-01,0,0,0
ERI,2020-10-01,0,0,0
ERI,2020-11-01,0,0,0
ERI,2020-12-01,0,0,0
ERI,2021-01-01,0,0,0
ERI,2021-02-01,1,1,0
ERI,2021-03-01,2,1,1
ERI,2021-04-01,1,1,0
ERI,2021-05-01,2,1,1
ERI,2021-06-01,0,0,0
ERI,2021-07-01,0,0,0
ERI,2021-08-01,0,0,0
ERI,2021-09-01,1,1,0
ERI,2021-10-01,2,1,1
ERI,2021-11-01,1,0,1
ERI,2021-12-01,4,2,2
ERI,2022-01-01,1,0,1
ERI,2022-02-01,3,0,3
ERI,2022-03-01,5,4,1
ERI,2022-04-01,9,6,3
ERI,2022-05-01,9,3,6
ERI,2022-06-01,6,2,4
ERI,2022-07-01,8,5,3
ERI,2022-08-01,7,4,3
ERI,2022-09-01,17,9,8
ERI,2022-10-01,19,15,4
ERI,2022-11-01,17,9,8
ERI,2022-12-01,13,6,7
ERI,2023-01-01,12,7,5
ERI,2023-02-01,8,4,4
ERI,2023-03-01,29,18,11
ERI,2023-04-01,18,7,11
ERI,2023-05-01,3,2,1
ERI,2023-06-01,25,14,11
ERI,2023-07-01,13,11,2
ERI,2023-08-01,35,18,17
ERI,2023-09-01,21,10,11
ERI,2023-10-01,13,10,3
ERI,2023-11-01,26,14,12
ESP,2020-01-01,3195,1891,1304
ESP,2020-02-01,2883,1720,1163
ESP,2020-03-01,1428,825,603
ESP,2020-04-01,0,0,0
ESP,2020-05-01,0,0,0
ESP,2020-06-01,3,1,2
ESP,2020-07-01,22,18,4
ESP,2020-08-01,19,10,9
ESP,2020-09-01,8,5,3
ESP,2020-10-01,12,6,6
ESP,2020-11-01,14,12,2
ESP,2020-12-01,28,17,11
ESP,2021-01-01,20,13,7
ESP,2021-02-01,18,15,3
ESP,2021-03-01,27,18,9
ESP,2021-04-01,21,16,5
ESP,2021-05-01,27,23,4
ESP,2021-06-01,14,12,2
ESP,2021-07-01,32,22,10
ESP,2021-08-01,75,45,30
ESP,2021-09-01,43,32,11
ESP,2021-10-01,19,13,6
ESP,2021-11-01,44,31,13
ESP,2021-12-01,44,30,14
ESP,2022-01-01,274,200,74
ESP,2022-02-01,134,110,24
ESP,2022-03-01,121,88,33
ESP,2022-04-01,599,366,233
ESP,2022-05-01,996,652,344
ESP,2022-06-01,1490,943,547
ESP,2022-07-01,3745,1959,1786
ESP,2022-08-01,6259,3232,3027
ESP,2022-09-01,3090,1714,1376
ESP,2022-10-01,3712,2333,1379
ESP,2022-11-01,2808,1650,1158
ESP,2022-12-01,1993,1146,847
ESP,2023-01-01,2607,1536,1071
ESP,2023-02-01,2203,1373,830
ESP,2023-03-01,2778,1632,1146
ESP,2023-04-01,3082,1710,1372
ESP,2023-05-01,2364,1443,921
ESP,2023-06-01,2213,1313,900
ESP,2023-07-01,6252,3193,3059
ESP,2023-08-01,10124,5151,4973
ESP,2023-09-01,5142,2804,2338
ESP,2023-10-01,4129,2326,1803
ESP,2023-11-01,4466,2720,1746
EST,2020-01-01,482,258,224
EST,2020-02-01,713,346,367
EST,2020-03-01,209,98,111
EST,2020-04-01,0,0,0
EST,2020-05-01,0,0,0
EST,2020-06-01,0,0,0
EST,2020-07-01,6,6,0
EST,2020-08-01,1,1,0
EST,2020-09-01,0,0,0
EST,2020-10-01,0,0,0
EST,2020-11-01,3,3,0
EST,2020-12-01,1,1,0
EST,2021-01-01,1,1,0
EST,2021-02-01,0,0,0
EST,2021-03-01,2,2,0
EST,2021-04-01,3,3,0
EST,2021-05-01,4,3,1
EST,2021-06-01,1,1,0
EST,2021-07-01,0,0,0
EST,2021-08-01,0,0,0
EST,2021-09-01,4,1,3
EST,2021-10-01,1,1,0
EST,2021-11-01,7,7,0
EST,2021-12-01,4,3,1
EST,2022-01-01,7,4,3
EST,2022-02-01,4,2,2
EST,2022-03-01,9,8,1
EST,2022-04-01,32,17,15
EST,2022-05-01,50,31,19
EST,2022-06-01,47,22,25
EST,2022-07-01,39,20,19
EST,2022-08-01,87,37,50
EST,2022-09-01,99,64,35
EST,2022-10-01,161,90,71
EST,2022-11-01,172,99,73
EST,2022-12-01,305,133,172
EST,2023-01-01,343,177,166
EST,2023-02-01,535,283,252
EST,2023-03-01,428,219,209
EST,2023-04-01,216,130,86
EST,2023-05-01,173,93,80
EST,2023-06-01,95,50,45
EST,2023-07-01,126,65,61
EST,2023-08-01,117,56,61
EST,2023-09-01,148,94,54
EST,2023-10-01,264,133,131
EST,2023-11-01,376,193,183
ETH,2020-01-01,48,29,19
ETH,2020-02-01,39,26,13
ETH,2020-03-01,13,6,7
ETH,2020-04-01,0,0,0
ETH,2020-05-01,0,0,0
ETH,2020-06-01,0,0,0
ETH,2020-07-01,3,3,0
ETH,2020-08-01,2,1,1
ETH,2020-09-01,1,1,0
ETH,2020-10-01,0,0,0
ETH,2020-11-01,0,0,0
ETH,2020-12-01,3,3,0
ETH,2021-01-01,0,0,0
ETH,2021-02-01,0,0,0
ETH,2021-03-01,9,8,1
ETH,2021-04-01,4,2,2
ETH,2021-05-01,8,4,4
ETH,2021-06-01,4,2,2
ETH,2021-07-01,3,1,2
ETH,2021-08-01,1,1,0
ETH,2021-09-01,5,5,0
ETH,2021-10-01,4,2,2
ETH,2021-11-01,10,2,8
ETH,2021-12-01,3,2,1
ETH,2022-01-01,15,9,6
ETH,2022-02-01,5,5,0
ETH,2022-03-01,13,8,5
ETH,2022-04-01,6,4,2
ETH,2022-05-01,26,23,3
ETH,2022-06-01,20,14,6
ETH,2022-07-01,37,17,20
ETH,2022-08-01,35,20,15
ETH,2022-09-01,26,14,12
ETH,2022-10-01,60,52,8
ETH,2022-11-01,35,22,13
ETH,2022-12-01,20,13,7
ETH,2023-01-01,36,23,13
ETH,2023-02-01,32,26,6
ETH,2023-03-01,22,19,3
ETH,2023-04-01,21,14,7
ETH,2023-05-01,41,21,20
ETH,2023-06-01,39,24,15
ETH,2023-07-01,54,25,29
ETH,2023-08-01,50,25,25
ETH,2023-09-01,51,30,21
ETH,2023-10-01,61,42,19
ETH,2023-11-01,37,27,10
FIN,2020-01-01,2424,1288,1136
FIN,2020-02-01,2498,1308,1190
FIN,2020-03-01,786,443,343
FIN,2020-04-01,2,2,0
FIN,2020-05-01,2,1,1
FIN,2020-06-01,0,0,0
FIN,2020-07-01,8,6,2
FIN,2020-08-01,10,5,5
FIN,2020-09-01,8,4,4
FIN,2020-10-01,2,1,1
FIN,2020-11-01,5,5,0
FIN,2020-12-01,8,7,1
FIN,2021-01-01,9,6,3
FIN,2021-02-01,12,8,4
FIN,2021-03-01,15,13,2
FIN,2021-04-01,6,4,2
FIN,2021-05-01,11,11,0
FIN,2021-06-01,7,5,2
FIN,2021-07-01,16,13,3
FIN,2021-08-01,16,12,4
FIN,2021-09-01,24,20,4
FIN,2021-10-01,12,7,5
FIN,2021-11-01,19,18,1
FIN,2021-12-01,36,25,11
FIN,2022-01-01,48,31,17
FIN,2022-02-01,24,20,4
FIN,2022-03-01,59,35,24
FIN,2022-04-01,277,180,97
FIN,2022-05-01,378,245,133
FIN,2022-06-01,374,251,123
FIN,2022-07-01,384,220,164
FIN,2022-08-01,318,195,123
FIN,2022-09-01,427,288,139
FIN,2022-10-01,715,417,298
FIN,2022-11-01,906,502,404
FIN,2022-12-01,881,494,387
FIN,2023-01-01,1245,724,521
FIN,2023-02-01,1163,665,498
FIN,2023-03-01,1125,634,491
FIN,2023-04-01,813,454,359
FIN,2023-05-01,558,342,216
FIN,2023-06-01,485,285,200
FIN,2023-07-01,602,340,262
FIN,2023-08-01,506,309,197
FIN,2023-09-01,583,371,212
FIN,2023-10-01,790,431,359
FIN,2023-11-01,1042,592,450
FJI,2020-01-01,237,122,115
FJI,2020-02-01,112,69,43
FJI,2020-03-01,29,15,14
FJI,2020-04-01,0,0,0
FJI,2020-05-01,0,0,0
FJI,2020-06-01,0,0,0
FJI,2020-07-01,0,0,0
FJI,2020-08-01,1,1,0
FJI,2020-09-01,0,0,0
FJI,2020-10-01,0,0,0
FJI,2020-11-01,1,0,1
FJI,2020-12-01,5,3,2
FJI,2021-01-01,0,0,0
FJI,2021-02-01,0,0,0
FJI,2021-03-01,1,0,1
FJI,2021-04-01,1,1,0
FJI,2021-05-01,0,0,0
FJI,2021-06-01,0,0,0
FJI,2021-07-01,0,0,0
FJI,2021-08-01,0,0,0
FJI,2021-09-01,0,0,0
FJI,2021-10-01,0,0,0
FJI,2021-11-01,2,0,2
FJI,2021-12-01,6,4,2
FJI,2022-01-01,2,0,2
FJI,2022-02-01,4,3,1
FJI,2022-03-01,3,1,2
FJI,2022-04-01,29,13,16
FJI,2022-05-01,35,19,16
FJI,2022-06-01,72,51,21
FJI,2022-07-01,105,49,56
FJI,2022-08-01,87,46,41
FJI,2022-09-01,134,70,64
FJI,2022-10-01,181,99,82
FJI,2022-11-01,109,68,41
FJI,2022-12-01,167,93,74
FJI,2023-01-01,139,62,77
FJI,2023-02-01,105,57,48
FJI,2023-03-01,150,83,67
FJI,2023-04-01,177,96,81
FJI,2023-05-01,210,124,86
FJI,2023-06-01,185,85,100
FJI,2023-07-01,215,117,98
FJI,2023-08-01,256,145,111
FJI,2023-09-01,325,174,151
FJI,2023-10-01,239,118,121
FJI,2023-11-01,189,100,89
FRA,2020-01-01,12753,7853,4900
FRA,2020-02-01,14414,8544,5870
FRA,2020-03-01,6280,3756,2524
FRA,2020-04-01,3,2,1
FRA,2020-05-01,7,7,0
FRA,2020-06-01,26,21,5
FRA,2020-07-01,64,42,22
FRA,2020-08-01,121,73,48
FRA,2020-09-01,87,60,27
FRA,2020-10-01,80,50,30
FRA,2020-11-01,46,37,9
FRA,2020-12-01,58,38,20
FRA,2021-01-01,119,88,31
FRA,2021-02-01,52,38,14
FRA,2021-03-01,79,64,15
FRA,2021-04-01,68,54,14
FRA,2021-05-01,80,60,20
FRA,2021-06-01,50,41,9
FRA,2021-07-01,102,75,27
FRA,2021-08-01,423,248,175
FRA,2021-09-01,250,173,77
FRA,2021-10-01,185,123,62
FRA,2021-11-01,171,125,46
FRA,2021-12-01,398,272,126
FRA,2022-01-01,677,491,186
FRA,2022-02-01,413,287,126
FRA,2022-03-01,630,469,161
FRA,2022-04-01,3129,2039,1090
FRA,2022-05-01,4967,3145,1822
FRA,2022-06-01,4908,3113,1795
FRA,2022-07-01,9552,5448,4104
FRA,2022-08-01,13949,7759,6190
FRA,2022-09-01,8145,4901,3244
FRA,2022-10-01,9373,5752,3621
FRA,2022-11-01,7046,4663,2383
FRA,2022-12-01,7267,4423,2844
FRA,2023-01-01,9004,5392,3612
FRA,2023-02-01,10655,6407,4248
FRA,2023-03-01,11311,6709,4602
FRA,2023-04-01,10501,6113,4388
FRA,2023-05-01,10627,6216,4411
FRA,2023-06-01,8143,4840,3303
FRA,2023-07-01,18945,10359,8586
FRA,2023-08-01,19840,10677,9163
FRA,2023-09-01,10430,6146,4284
FRA,2023-10-01,11030,6646,4384
FRA,2023-11-01,10388,6675,3713
FSM,2020-01-01,3,2,1
FSM,2020-02-01,0,0,0
FSM,2020-03-01,0,0,0
FSM,2020-04-01,0,0,0
FSM,2020-05-01,0,0,0
FSM,2020-06-01,0,0,0
FSM,2020-07-01,0,0,0
FSM,2020-08-01,0,0,0
FSM,2020-09-01,0,0,0
FSM,2020-10-01,0,0,0
FSM,2020-11-01,0,0,0
FSM,2020-12-01,0,0,0
FSM,2021-01-01,0,0,0
FSM,2021-02-01,0,0,0
FSM,2021-03-01,0,0,0
FSM,2021-04-01,0,0,0
FSM,2021-05-01,0,0,0
FSM,2021-06-01,0,0,0
FSM,2021-07-01,0,0,0
FSM,2021-08-01,0,0,0
FSM,2021-09-01,0,0,0
FSM,2021-10-01,0,0,0
FSM,2021-11-01,0,0,0
FSM,2021-12-01,0,0,0
FSM,2022-01-01,0,0,0
FSM,2022-02-01,0,0,0
FSM,2022-03-01,0,0,0
FSM,2022-04-01,0,0,0
FSM,2022-05-01,0,0,0
FSM,2022-06-01,0,0,0
FSM,2022-07-01,0,0,0
FSM,2022-08-01,1,0,1
FSM,2022-09-01,0,0,0
FSM,2022-10-01,1,1,0
FSM,2022-11-01,0,0,0
FSM,2022-12-01,0,0,0
FSM,2023-01-01,0,0,0
FSM,2023-02-01,0,0,0
FSM,2023-03-01,1,0,1
FSM,2023-04-01,0,0,0
FSM,2023-05-01,0,0,0
FSM,2023-06-01,2,1,1
FSM,2023-07-01,0,0,0
FSM,2023-08-01,0,0,0
FSM,2023-09-01,1,1,0
FSM,2023-10-01,1,0,1
FSM,2023-11-01,10,5,5
GAB,2020-01-01,4,2,2
GAB,2020-02-01,6,4,2
GAB,2020-03-01,5,3,2
GAB,2020-04-01,0,0,0
GAB,2020-05-01,0,0,0
GAB,2020-06-01,0,0,0
GAB,2020-07-01,0,0,0
GAB,2020-08-01,1,1,0
GAB,2020-09-01,0,0,0
GAB,2020-10-01,0,0,0
GAB,2020-11-01,0,0,0
GAB,2020-12-01,0,0,0
GAB,2021-01-01,1,1,0
GAB,2021-02-01,0,0,0
GAB,2021-03-01,1,1,0
GAB,2021-04-01,1,1,0
GAB,2021-05-01,0,0,0
GAB,2021-06-01,0,0,0
GAB,2021-07-01,0,0,0
GAB,2021-08-01,0,0,0
GAB,2021-09-01,2,1,1
GAB,2021-10-01,1,1,0
GAB,2021-11-01,1,1,0
GAB,2021-12-01,1,1,0
GAB,2022-01-01,2,1,1
GAB,2022-02-01,1,0,1
GAB,2022-03-01,1,0,1
GAB,2022-04-01,8,1,7
GAB,2022-05-01,1,1,0
GAB,2022-06-01,2,2,0
GAB,2022-07-01,7,5,2
GAB,2022-08-01,17,8,9
GAB,2022-09-01,8,6,2
GAB,2022-10-01,14,8,6
GAB,2022-11-01,1,1,0
GAB,2022-12-01,6,0,6
GAB,2023-01-01,11,7,4
GAB,2023-02-01,2,1,1
GAB,2023-03-01,4,2,2
GAB,2023-04-01,4,4,0
GAB,2023-05-01,13,8,5
GAB,2023-06-01,9,3,6
GAB,2023-07-01,8,6,2
GAB,2023-08-01,9,3,6
GAB,2023-09-01,43,38,5
GAB,2023-10-01,11,4,7
GAB,2023-11-01,12,7,5
GBR,2020-01-01,31639,20025,11614
GBR,2020-02-01,28520,17768,10752
GBR,2020-03-01,13306,8263,5043
GBR,2020-04-01,18,15,3
GBR,2020-05-01,59,56,3
GBR,2020-06-01,101,85,16
GBR,2020-07-01,271,203,68
GBR,2020-08-01,365,224,141
GBR,2020-09-01,246,192,54
GBR,2020-10-01,219,166,53
GBR,2020-11-01,242,201,41
GBR,2020-12-01,190,140,50
GBR,2021-01-01,243,192,51
GBR,2021-02-01,256,225,31
GBR,2021-03-01,238,191,47
GBR,2021-04-01,230,194,36
GBR,2021-05-01,246,214,32
GBR,2021-06-01,149,118,31
GBR,2021-07-01,396,255,141
GBR,2021-08-01,662,381,281
GBR,2021-09-01,369,284,85
GBR,2021-10-01,372,253,119
GBR,2021-11-01,455,347,108
GBR,2021-12-01,1391,904,487
GBR,2022-01-01,1798,1157,641
GBR,2022-02-01,989,679,310
GBR,2022-03-01,1357,993,364
GBR,2022-04-01,8297,5332,2965
GBR,2022-05-01,11114,7310,3804
GBR,2022-06-01,12646,8199,4447
GBR,2022-07-01,20099,11826,8273
GBR,2022-08-01,23627,13994,9633
GBR,2022-09-01,17771,11269,6502
GBR,2022-10-01,23481,14415,9066
GBR,2022-11-01,20416,12976,7440
GBR,2022-12-01,22403,13347,9056
GBR,2023-01-01,25040,15086,9954
GBR,2023-02-01,23886,14643,9243
GBR,2023-03-01,27052,16234,10818
GBR,2023-04-01,28367,16346,12021
GBR,2023-05-01,22963,14011,8952
GBR,2023-06-01,19438,11961,7477
GBR,2023-07-01,33270,19136,14134
GBR,2023-08-01,33345,19164,14181
GBR,2023-09-01,23628,14879,8749
GBR,2023-10-01,26957,16500,10457
GBR,2023-11-01,26501,16709,9792
GEO,2020-01-01,57,30,27
GEO,2020-02-01,57,40,17
GEO,2020-03-01,19,17,2
GEO,2020-04-01,0,0,0
GEO,2020-05-01,0,0,0
GEO,2020-06-01,1,1,0
GEO,2020-07-01,30,30,0
GEO,2020-08-01,3,3,0
GEO,2020-09-01,7,7,0
GEO,2020-10-01,9,8,1
GEO,2020-11-01,7,5,2
GEO,2020-12-01,5,5,0
GEO,2021-01-01,2,2,0
GEO,2021-02-01,1,1,0
GEO,2021-03-01,5,5,0
GEO,2021-04-01,2,2,0
GEO,2021-05-01,0,0,0
GEO,2021-06-01,5,5,0
GEO,2021-07-01,2,2,0
GEO,2021-08-01,9,9,0
GEO,2021-09-01,3,3,0
GEO,2021-10-01,2,1,1
GEO,2021-11-01,2,2,0
GEO,2021-12-01,12,10,2
GEO,2022-01-01,10,10,0
GEO,2022-02-01,1,1,0
GEO,2022-03-01,14,14,0
GEO,2022-04-01,12,8,4
GEO,2022-05-01,26,11,15
GEO,2022-06-01,30,21,9
GEO,2022-07-01,19,12,7
GEO,2022-08-01,50,40,10
GEO,2022-09-01,66,54,12
GEO,2022-10-01,55,36,19
GEO,2022-11-01,45,32,13
GEO,2022-12-01,57,33,24
GEO,2023-01-01,57,34,23
GEO,2023-02-01,85,62,23
GEO,2023-03-01,93,64,29
GEO,2023-04-01,66,37,29
GEO,2023-05-01,62,37,25
GEO,2023-06-01,55,32,23
GEO,2023-07-01,56,39,17
GEO,2023-08-01,59,34,25
GEO,2023-09-01,79,49,30
GEO,2023-10-01,53,30,23
GEO,2023-11-01,64,40,24
GHA,2020-01-01,100,65,35
GHA,2020-02-01,54,43,11
GHA,2020-03-01,21,15,6
GHA,2020-04-01,0,0,0
GHA,2020-05-01,0,0,0
GHA,2020-06-01,0,0,0
GHA,2020-07-01,0,0,0
GHA,2020-08-01,0,0,0
GHA,2020-09-01,5,0,5
GHA,2020-10-01,2,1,1
GHA,2020-11-01,2,1,1
GHA,2020-12-01,6,5,1
GHA,2021-01-01,7,7,0
GHA,2021-02-01,9,9,0
GHA,2021-03-01,9,5,4
GHA,2021-04-01,10,8,2
GHA,2021-05-01,8,6,2
GHA,2021-06-01,7,6,1
GHA,2021-07-01,2,2,0
GHA,2021-08-01,10,5,5
GHA,2021-09-01,5,3,2
GHA,2021-10-01,6,3,3
GHA,2021-11-01,2,1,1
GHA,2021-12-01,9,8,1
GHA,2022-01-01,15,12,3
GHA,2022-02-01,11,8,3
GHA,2022-03-01,5,4,1
GHA,2022-04-01,16,11,5
GHA,2022-05-01,20,15,5
GHA,2022-06-01,26,14,12
GHA,2022-07-01,37,29,8
GHA,2022-08-01,48,33,15
GHA,2022-09-01,62,49,13
GHA,2022-10-01,105,74,31
GHA,2022-11-01,89,42,47
GHA,2022-12-01,73,45,28
GHA,2023-01-01,61,51,10
GHA,2023-02-01,56,40,16
GHA,2023-03-01,80,60,20
GHA,2023-04-01,51,34,17
GHA,2023-05-01,70,53,17
GHA,2023-06-01,58,46,12
GHA,2023-07-01,69,54,15
GHA,2023-08-01,139,87,52
GHA,2023-09-01,126,97,29
GHA,2023-10-01,102,66,36
GHA,2023-11-01,131,88,43
GIB,2020-01-01,0,0,0
GIB,2020-02-01,0,0,0
GIB,2020-03-01,0,0,0
GIB,2020-04-01,0,0,0
GIB,2020-05-01,0,0,0
GIB,2020-06-01,0,0,0
GIB,2020-07-01,0,0,0
GIB,2020-08-01,0,0,0
GIB,2020-09-01,0,0,0
GIB,2020-10-01,0,0,0
GIB,2020-11-01,0,0,0
GIB,2020-12-01,0,0,0
GIB,2021-01-01,0,0,0
GIB,2021-02-01,0,0,0
GIB,2021-03-01,0,0,0
GIB,2021-04-01,0,0,0
GIB,2021-05-01,0,0,0
GIB,2021-06-01,0,0,0
GIB,2021-07-01,0,0,0
GIB,2021-08-01,0,0,0
GIB,2021-09-01,0,0,0
GIB,2021-10-01,0,0,0
GIB,2021-11-01,0,0,0
GIB,2021-12-01,0,0,0
GIB,2022-01-01,0,0,0
GIB,2022-02-01,0,0,0
GIB,2022-03-01,0,0,0
GIB,2022-04-01,0,0,0
GIB,2022-05-01,0,0,0
GIB,2022-06-01,0,0,0
GIB,2022-07-01,1,0,1
GIB,2022-08-01,0,0,0
GIB,2022-09-01,0,0,0
GIB,2022-10-01,0,0,0
GIB,2022-11-01,0,0,0
GIB,2022-12-01,0,0,0
GIB,2023-01-01,0,0,0
GIB,2023-02-01,0,0,0
GIB,2023-03-01,0,0,0
GIB,2023-04-01,0,0,0
GIB,2023-05-01,0,0,0
GIB,2023-06-01,0,0,0
GIB,2023-07-01,0,0,0
GIB,2023-08-01,0,0,0
GIB,2023-09-01,0,0,0
GIB,2023-10-01,1,0,1
GIB,2023-11-01,0,0,0
GIN,2020-01-01,98,86,12
GIN,2020-02-01,65,54,11
GIN,2020-03-01,26,19,7
GIN,2020-04-01,0,0,0
GIN,2020-05-01,0,0,0
GIN,2020-06-01,0,0,0
GIN,2020-07-01,0,0,0
GIN,2020-08-01,0,0,0
GIN,2020-09-01,1,1,0
GIN,2020-10-01,0,0,0
GIN,2020-11-01,0,0,0
GIN,2020-12-01,1,0,1
GIN,2021-01-01,0,0,0
GIN,2021-02-01,10,5,5
GIN,2021-03-01,11,4,7
GIN,2021-04-01,24,10,14
GIN,2021-05-01,6,4,2
GIN,2021-06-01,5,4,1
GIN,2021-07-01,1,1,0
GIN,2021-08-01,4,3,1
GIN,2021-09-01,11,6,5
GIN,2021-10-01,10,7,3
GIN,2021-11-01,4,4,0
GIN,2021-12-01,8,5,3
GIN,2022-01-01,16,11,5
GIN,2022-02-01,18,16,2
GIN,2022-03-01,11,8,3
GIN,2022-04-01,14,10,4
GIN,2022-05-01,30,19,11
GIN,2022-06-01,23,18,5
GIN,2022-07-01,23,19,4
GIN,2022-08-01,41,27,14
GIN,2022-09-01,29,26,3
GIN,2022-10-01,68,47,21
GIN,2022-11-01,51,39,12
GIN,2022-12-01,41,27,14
GIN,2023-01-01,54,39,15
GIN,2023-02-01,46,34,12
GIN,2023-03-01,60,44,16
GIN,2023-04-01,33,28,5
GIN,2023-05-01,78,62,16
GIN,2023-06-01,42,27,15
GIN,2023-07-01,61,44,17
GIN,2023-08-01,66,48,18
GIN,2023-09-01,83,59,24
GIN,2023-10-01,63,41,22
GIN,2023-11-01,66,46,20
GLP,2020-01-01,0,0,0
GLP,2020-02-01,0,0,0
GLP,2020-03-01,1,1,0
GLP,2020-04-01,0,0,0
GLP,2020-05-01,0,0,0
GLP,2020-06-01,0,0,0
GLP,2020-07-01,0,0,0
GLP,2020-08-01,0,0,0
GLP,2020-09-01,0,0,0
GLP,2020-10-01,0,0,0
GLP,2020-11-01,0,0,0
GLP,2020-12-01,0,0,0
GLP,2021-01-01,0,0,0
GLP,2021-02-01,0,0,0
GLP,2021-03-01,0,0,0
GLP,2021-04-01,0,0,0
GLP,2021-05-01,0,0,0
GLP,2021-06-01,0,0,0
GLP,2021-07-01,0,0,0
GLP,2021-08-01,0,0,0
GLP,2021-09-01,0,0,0
GLP,2021-10-01,0,0,0
GLP,2021-11-01,0,0,0
GLP,2021-12-01,0,0,0
GLP,2022-01-01,0,0,0
GLP,2022-02-01,0,0,0
GLP,2022-03-01,0,0,0
GLP,2022-04-01,0,0,0
GLP,2022-05-01,0,0,0
GLP,2022-06-01,0,0,0
GLP,2022-07-01,0,0,0
GLP,2022-08-01,0,0,0
GLP,2022-09-01,0,0,0
GLP,2022-10-01,0,0,0
GLP,2022-11-01,0,0,0
GLP,2022-12-01,0,0,0
GLP,2023-01-01,0,0,0
GLP,2023-02-01,0,0,0
GLP,2023-03-01,0,0,0
GLP,2023-04-01,0,0,0
GLP,2023-05-01,0,0,0
GLP,2023-06-01,0,0,0
GLP,2023-07-01,0,0,0
GLP,2023-08-01,0,0,0
GLP,2023-09-01,0,0,0
GLP,2023-10-01,0,0,0
GLP,2023-11-01,0,0,0
GMB,2020-01-01,80,60,20
GMB,2020-02-01,58,47,11
GMB,2020-03-01,33,26,7
GMB,2020-04-01,0,0,0
GMB,2020-05-01,0,0,0
GMB,2020-06-01,0,0,0
GMB,2020-07-01,1,0,1
GMB,2020-08-01,0,0,0
GMB,2020-09-01,0,0,0
GMB,2020-10-01,0,0,0
GMB,2020-11-01,1,0,1
GMB,2020-12-01,1,0,1
GMB,2021-01-01,1,0,1
GMB,2021-02-01,0,0,0
GMB,2021-03-01,1,1,0
GMB,2021-04-01,1,1,0
GMB,2021-05-01,2,1,1
GMB,2021-06-01,1,1,0
GMB,2021-07-01,0,0,0
GMB,2021-08-01,0,0,0
GMB,2021-09-01,6,4,2
GMB,2021-10-01,1,1,0
GMB,2021-11-01,3,1,2
GMB,2021-12-01,3,3,0
GMB,2022-01-01,5,4,1
GMB,2022-02-01,3,1,2
GMB,2022-03-01,10,3,7
GMB,2022-04-01,13,5,8
GMB,2022-05-01,9,6,3
GMB,2022-06-01,10,6,4
GMB,2022-07-01,6,3,3
GMB,2022-08-01,25,16,9
GMB,2022-09-01,13,10,3
GMB,2022-10-01,41,36,5
GMB,2022-11-01,13,7,6
GMB,2022-12-01,16,10,6
GMB,2023-01-01,12,9,3
GMB,2023-02-01,8,6,2
GMB,2023-03-01,19,12,7
GMB,2023-04-01,16,13,3
GMB,2023-05-01,32,24,8
GMB,2023-06-01,26,19,7
GMB,2023-07-01,38,35,3
GMB,2023-08-01,42,30,12
GMB,2023-09-01,28,19,9
GMB,2023-10-01,40,31,9
GMB,2023-11-01,29,21,8
GNB,2020-01-01,5,5,0
GNB,2020-02-01,2,2,0
GNB,2020-03-01,1,1,0
GNB,2020-04-01,0,0,0
GNB,2020-05-01,0,0,0
GNB,2020-06-01,0,0,0
GNB,2020-07-01,0,0,0
GNB,2020-08-01,0,0,0
GNB,2020-09-01,0,0,0
GNB,2020-10-01,0,0,0
GNB,2020-11-01,0,0,0
GNB,2020-12-01,0,0,0
GNB,2021-01-01,0,0,0
GNB,2021-02-01,0,0,0
GNB,2021-03-01,0,0,0
GNB,2021-04-01,0,0,0
GNB,2021-05-01,0,0,0
GNB,2021-06-01,0,0,0
GNB,2021-07-01,0,0,0
GNB,2021-08-01,0,0,0
GNB,2021-09-01,0,0,0
GNB,2021-10-01,0,0,0
GNB,2021-11-01,0,0,0
GNB,2021-12-01,0,0,0
GNB,2022-01-01,0,0,0
GNB,2022-02-01,0,0,0
GNB,2022-03-01,1,1,0
GNB,2022-04-01,0,0,0
GNB,2022-05-01,0,0,0
GNB,2022-06-01,0,0,0
GNB,2022-07-01,0,0,0
GNB,2022-08-01,0,0,0
GNB,2022-09-01,0,0,0
GNB,2022-10-01,2,1,1
GNB,2022-11-01,0,0,0
GNB,2022-12-01,0,0,0
GNB,2023-01-01,0,0,0
GNB,2023-02-01,0,0,0
GNB,2023-03-01,3,3,0
GNB,2023-04-01,1,1,0
GNB,2023-05-01,1,1,0
GNB,2023-06-01,1,1,0
GNB,2023-07-01,0,0,0
GNB,2023-08-01,1,1,0
GNB,2023-09-01,1,1,0
GNB,2023-10-01,0,0,0
GNB,2023-11-01,1,0,1
GNQ,2020-01-01,7,4,3
GNQ,2020-02-01,1,0,1
GNQ,2020-03-01,0,0,0
GNQ,2020-04-01,0,0,0
GNQ,2020-05-01,0,0,0
GNQ,2020-06-01,0,0,0
GNQ,2020-07-01,0,0,0
GNQ,2020-08-01,0,0,0
GNQ,2020-09-01,0,0,0
GNQ,2020-10-01,0,0,0
GNQ,2020-11-01,0,0,0
GNQ,2020-12-01,1,0,1
GNQ,2021-01-01,0,0,0
GNQ,2021-02-01,0,0,0
GNQ,2021-03-01,0,0,0
GNQ,2021-04-01,2,1,1
GNQ,2021-05-01,1,0,1
GNQ,2021-06-01,1,0,1
GNQ,2021-07-01,0,0,0
GNQ,2021-08-01,0,0,0
GNQ,2021-09-01,0,0,0
GNQ,2021-10-01,0,0,0
GNQ,2021-11-01,0,0,0
GNQ,2021-12-01,8,6,2
GNQ,2022-01-01,4,4,0
GNQ,2022-02-01,0,0,0
GNQ,2022-03-01,0,0,0
GNQ,2022-04-01,0,0,0
GNQ,2022-05-01,0,0,0
GNQ,2022-06-01,1,1,0
GNQ,2022-07-01,1,1,0
GNQ,2022-08-01,1,0,1
GNQ,2022-09-01,0,0,0
GNQ,2022-10-01,0,0,0
GNQ,2022-11-01,1,1,0
GNQ,2022-12-01,0,0,0
GNQ,2023-01-01,4,1,3
GNQ,2023-02-01,1,1,0
GNQ,2023-03-01,2,2,0
GNQ,2023-04-01,2,0,2
GNQ,2023-05-01,0,0,0
GNQ,2023-06-01,1,1,0
GNQ,2023-07-01,3,0,3
GNQ,2023-08-01,2,1,1
GNQ,2023-09-01,0,0,0
GNQ,2023-10-01,3,2,1
GNQ,2023-11-01,0,0,0
GRC,2020-01-01,396,278,118
GRC,2020-02-01,361,264,97
GRC,2020-03-01,135,97,38
GRC,2020-04-01,0,0,0
GRC,2020-05-01,0,0,0
GRC,2020-06-01,2,1,1
GRC,2020-07-01,35,32,3
GRC,2020-08-01,15,14,1
GRC,2020-09-01,7,6,1
GRC,2020-10-01,14,13,1
GRC,2020-11-01,5,3,2
GRC,2020-12-01,6,6,0
GRC,2021-01-01,1,1,0
GRC,2021-02-01,6,5,1
GRC,2021-03-01,5,5,0
GRC,2021-04-01,9,8,1
GRC,2021-05-01,15,15,0
GRC,2021-06-01,5,4,1
GRC,2021-07-01,12,11,1
GRC,2021-08-01,10,7,3
GRC,2021-09-01,13,12,1
GRC,2021-10-01,9,7,2
GRC,2021-11-01,15,14,1
GRC,2021-12-01,8,8,0
GRC,2022-01-01,9,6,3
GRC,2022-02-01,10,10,0
GRC,2022-03-01,26,22,4
GRC,2022-04-01,85,67,18
GRC,2022-05-01,104,81,23
GRC,2022-06-01,127,101,26
GRC,2022-07-01,146,101,45
GRC,2022-08-01,256,161,95
GRC,2022-09-01,186,138,48
GRC,2022-10-01,214,149,65
GRC,2022-11-01,283,217,66
GRC,2022-12-01,230,153,77
GRC,2023-01-01,309,221,88
GRC,2023-02-01,397,287,110
GRC,2023-03-01,367,266,101
GRC,2023-04-01,322,214,108
GRC,2023-05-01,246,197,49
GRC,2023-06-01,205,160,45
GRC,2023-07-01,254,178,76
GRC,2023-08-01,507,322,185
GRC,2023-09-01,298,234,64
GRC,2023-10-01,369,264,105
GRC,2023-11-01,400,281,119
GRD,2020-01-01,38,26,12
GRD,2020-02-01,15,10,5
GRD,2020-03-01,7,7,0
GRD,2020-04-01,0,0,0
GRD,2020-05-01,0,0,0
GRD,2020-06-01,0,0,0
GRD,2020-07-01,0,0,0
GRD,2020-08-01,0,0,0
GRD,2020-09-01,0,0,0
GRD,2020-10-01,0,0,0
GRD,2020-11-01,0,0,0
GRD,2020-12-01,0,0,0
GRD,2021-01-01,0,0,0
GRD,2021-02-01,0,0,0
GRD,2021-03-01,0,0,0
GRD,2021-04-01,0,0,0
GRD,2021-05-01,0,0,0
GRD,2021-06-01,1,1,0
GRD,2021-07-01,0,0,0
GRD,2021-08-01,0,0,0
GRD,2021-09-01,0,0,0
GRD,2021-10-01,3,1,2
GRD,2021-11-01,0,0,0
GRD,2021-12-01,0,0,0
GRD,2022-01-01,1,0,1
GRD,2022-02-01,0,0,0
GRD,2022-03-01,4,3,1
GRD,2022-04-01,10,8,2
GRD,2022-05-01,7,5,2
GRD,2022-06-01,9,8,1
GRD,2022-07-01,15,7,8
GRD,2022-08-01,25,17,8
GRD,2022-09-01,18,14,4
GRD,2022-10-01,18,11,7
GRD,2022-11-01,15,12,3
GRD,2022-12-01,15,12,3
GRD,2023-01-01,32,18,14
GRD,2023-02-01,10,9,1
GRD,2023-03-01,13,11,2
GRD,2023-04-01,16,11,5
GRD,2023-05-01,13,10,3
GRD,2023-06-01,14,5,9
GRD,2023-07-01,26,15,11
GRD,2023-08-01,31,22,9
GRD,2023-09-01,14,10,4
GRD,2023-10-01,32,22,10
GRD,2023-11-01,12,9,3
GRL,2020-01-01,0,0,0
GRL,2020-02-01,0,0,0
GRL,2020-03-01,0,0,0
GRL,2020-04-01,0,0,0
GRL,2020-05-01,0,0,0
GRL,2020-06-01,0,0,0
GRL,2020-07-01,0,0,0
GRL,2020-08-01,0,0,0
GRL,2020-09-01,0,0,0
GRL,2020-10-01,0,0,0
GRL,2020-11-01,0,0,0
GRL,2020-12-01,0,0,0
GRL,2021-01-01,0,0,0
GRL,2021-02-01,0,0,0
GRL,2021-03-01,0,0,0
GRL,2021-04-01,0,0,0
GRL,2021-05-01,0,0,0
GRL,2021-06-01,0,0,0
GRL,2021-07-01,0,0,0
GRL,2021-08-01,0,0,0
GRL,2021-09-01,0,0,0
GRL,2021-10-01,0,0,0
GRL,2021-11-01,0,0,0
GRL,2021-12-01,0,0,0
GRL,2022-01-01,0,0,0
GRL,2022-02-01,0,0,0
GRL,2022-03-01,0,0,0
GRL,2022-04-01,0,0,0
GRL,2022-05-01,0,0,0
GRL,2022-06-01,0,0,0
GRL,2022-07-01,0,0,0
GRL,2022-08-01,0,0,0
GRL,2022-09-01,0,0,0
GRL,2022-10-01,0,0,0
GRL,2022-11-01,0,0,0
GRL,2022-12-01,0,0,0
GRL,2023-01-01,0,0,0
GRL,2023-02-01,0,0,0
GRL,2023-03-01,0,0,0
GRL,2023-04-01,0,0,0
GRL,2023-05-01,0,0,0
GRL,2023-06-01,0,0,0
GRL,2023-07-01,1,1,0
GRL,2023-08-01,0,0,0
GRL,2023-09-01,1,0,1
GRL,2023-10-01,0,0,0
GRL,2023-11-01,0,0,0
GTM,2020-01-01,27,15,12
GTM,2020-02-01,17,11,6
GTM,2020-03-01,2,2,0
GTM,2020-04-01,0,0,0
GTM,2020-05-01,0,0,0
GTM,2020-06-01,0,0,0
GTM,2020-07-01,0,0,0
GTM,2020-08-01,0,0,0
GTM,2020-09-01,0,0,0
GTM,2020-10-01,0,0,0
GTM,2020-11-01,0,0,0
GTM,2020-12-01,0,0,0
GTM,2021-01-01,0,0,0
GTM,2021-02-01,0,0,0
GTM,2021-03-01,0,0,0
GTM,2021-04-01,0,0,0
GTM,2021-05-01,0,0,0
GTM,2021-06-01,1,1,0
GTM,2021-07-01,0,0,0
GTM,2021-08-01,0,0,0
GTM,2021-09-01,0,0,0
GTM,2021-10-01,2,2,0
GTM,2021-11-01,0,0,0
GTM,2021-12-01,0,0,0
GTM,2022-01-01,1,1,0
GTM,2022-02-01,1,0,1
GTM,2022-03-01,2,1,1
GTM,2022-04-01,7,5,2
GTM,2022-05-01,14,2,12
GTM,2022-06-01,15,5,10
GTM,2022-07-01,10,7,3
GTM,2022-08-01,12,10,2
GTM,2022-09-01,11,5,6
GTM,2022-10-01,13,6,7
GTM,2022-11-01,16,10,6
GTM,2022-12-01,16,10,6
GTM,2023-01-01,20,11,9
GTM,2023-02-01,23,10,13
GTM,2023-03-01,32,17,15
GTM,2023-04-01,75,37,38
GTM,2023-05-01,26,13,13
GTM,2023-06-01,18,10,8
GTM,2023-07-01,24,20,4
GTM,2023-08-01,23,13,10
GTM,2023-09-01,63,28,35
GTM,2023-10-01,48,27,21
GTM,2023-11-01,77,47,30
GUY,2020-01-01,10,6,4
GUY,2020-02-01,5,2,3
GUY,2020-03-01,3,3,0
GUY,2020-04-01,0,0,0
GUY,2020-05-01,0,0,0
GUY,2020-06-01,0,0,0
GUY,2020-07-01,0,0,0
GUY,2020-08-01,0,0,0
GUY,2020-09-01,0,0,0
GUY,2020-10-01,0,0,0
GUY,2020-11-01,0,0,0
GUY,2020-12-01,0,0,0
GUY,2021-01-01,0,0,0
GUY,2021-02-01,0,0,0
GUY,2021-03-01,0,0,0
GUY,2021-04-01,0,0,0
GUY,2021-05-01,0,0,0
GUY,2021-06-01,0,0,0
GUY,2021-07-01,0,0,0
GUY,2021-08-01,0,0,0
GUY,2021-09-01,0,0,0
GUY,2021-10-01,0,0,0
GUY,2021-11-01,0,0,0
GUY,2021-12-01,0,0,0
GUY,2022-01-01,0,0,0
GUY,2022-02-01,0,0,0
GUY,2022-03-01,0,0,0
GUY,2022-04-01,0,0,0
GUY,2022-05-01,1,1,0
GUY,2022-06-01,5,4,1
GUY,2022-07-01,1,0,1
GUY,2022-08-01,6,5,1
GUY,2022-09-01,2,1,1
GUY,2022-10-01,3,1,2
GUY,2022-11-01,4,3,1
GUY,2022-12-01,6,4,2
GUY,2023-01-01,0,0,0
GUY,2023-02-01,16,8,8
GUY,2023-03-01,6,3,3
GUY,2023-04-01,3,3,0
GUY,2023-05-01,5,2,3
GUY,2023-06-01,4,2,2
GUY,2023-07-01,5,1,4
GUY,2023-08-01,9,5,4
GUY,2023-09-01,7,5,2
GUY,2023-10-01,3,0,3
GUY,2023-11-01,17,10,7
HKG,2020-01-01,35,19,16
HKG,2020-02-01,30,16,14
HKG,2020-03-01,9,5,4
HKG,2020-04-01,0,0,0
HKG,2020-05-01,0,0,0
HKG,2020-06-01,0,0,0
HKG,2020-07-01,7,6,1
HKG,2020-08-01,2,1,1
HKG,2020-09-01,0,0,0
HKG,2020-10-01,0,0,0
HKG,2020-11-01,2,1,1
HKG,2020-12-01,14,10,4
HKG,2021-01-01,7,5,2
HKG,2021-02-01,3,2,1
HKG,2021-03-01,5,2,3
HKG,2021-04-01,1,1,0
HKG,2021-05-01,1,1,0
HKG,2021-06-01,0,0,0
HKG,2021-07-01,2,1,1
HKG,2021-08-01,3,1,2
HKG,2021-09-01,11,8,3
HKG,2021-10-01,50,47,3
HKG,2021-11-01,44,39,5
HKG,2021-12-01,47,40,7
HKG,2022-01-01,31,22,9
HKG,2022-02-01,41,36,5
HKG,2022-03-01,50,33,17
HKG,2022-04-01,109,58,51
HKG,2022-05-01,255,147,108
HKG,2022-06-01,290,144,146
HKG,2022-07-01,153,76,77
HKG,2022-08-01,115,66,49
HKG,2022-09-01,40,23,17
HKG,2022-10-01,114,62,52
HKG,2022-11-01,58,31,27
HKG,2022-12-01,124,68,56
HKG,2023-01-01,64,32,32
HKG,2023-02-01,49,26,23
HKG,2023-03-01,163,79,84
HKG,2023-04-01,136,53,83
HKG,2023-05-01,116,55,61
HKG,2023-06-01,71,23,48
HKG,2023-07-01,107,62,45
HKG,2023-08-01,57,29,28
HKG,2023-09-01,114,49,65
HKG,2023-10-01,32,19,13
HKG,2023-11-01,158,77,81
HMD,2020-01-01,0,0,0
HMD,2020-02-01,0,0,0
HMD,2020-03-01,0,0,0
HMD,2020-04-01,0,0,0
HMD,2020-05-01,0,0,0
HMD,2020-06-01,0,0,0
HMD,2020-07-01,0,0,0
HMD,2020-08-01,0,0,0
HMD,2020-09-01,0,0,0
HMD,2020-10-01,0,0,0
HMD,2020-11-01,0,0,0
HMD,2020-12-01,0,0,0
HMD,2021-01-01,0,0,0
HMD,2021-02-01,0,0,0
HMD,2021-03-01,0,0,0
HMD,2021-04-01,0,0,0
HMD,2021-05-01,0,0,0
HMD,2021-06-01,0,0,0
HMD,2021-07-01,0,0,0
HMD,2021-08-01,0,0,0
HMD,2021-09-01,0,0,0
HMD,2021-10-01,0,0,0
HMD,2021-11-01,0,0,0
HMD,2021-12-01,0,0,0
HMD,2022-01-01,0,0,0
HMD,2022-02-01,0,0,0
HMD,2022-03-01,0,0,0
HMD,2022-04-01,0,0,0
HMD,2022-05-01,0,0,0
HMD,2022-06-01,0,0,0
HMD,2022-07-01,0,0,0
HMD,2022-08-01,0,0,0
HMD,2022-09-01,0,0,0
HMD,2022-10-01,0,0,0
HMD,2022-11-01,0,0,0
HMD,2022-12-01,0,0,0
HMD,2023-01-01,0,0,0
HMD,2023-02-01,0,0,0
HMD,2023-03-01,0,0,0
HMD,2023-04-01,0,0,0
HMD,2023-05-01,0,0,0
HMD,2023-06-01,0,0,0
HMD,2023-07-01,0,0,0
HMD,2023-08-01,1,0,1
HMD,2023-09-01,0,0,0
HMD,2023-10-01,0,0,0
HMD,2023-11-01,0,0,0
HND,2020-01-01,34,19,15
HND,2020-02-01,23,16,7
HND,2020-03-01,10,5,5
HND,2020-04-01,0,0,0
HND,2020-05-01,0,0,0
HND,2020-06-01,0,0,0
HND,2020-07-01,2,2,0
HND,2020-08-01,0,0,0
HND,2020-09-01,0,0,0
HND,2020-10-01,3,3,0
HND,2020-11-01,0,0,0
HND,2020-12-01,5,5,0
HND,2021-01-01,1,0,1
HND,2021-02-01,1,1,0
HND,2021-03-01,0,0,0
HND,2021-04-01,5,5,0
HND,2021-05-01,0,0,0
HND,2021-06-01,2,2,0
HND,2021-07-01,0,0,0
HND,2021-08-01,2,1,1
HND,2021-09-01,0,0,0
HND,2021-10-01,2,2,0
HND,2021-11-01,0,0,0
HND,2021-12-01,0,0,0
HND,2022-01-01,1,0,1
HND,2022-02-01,0,0,0
HND,2022-03-01,0,0,0
HND,2022-04-01,13,8,5
HND,2022-05-01,5,2,3
HND,2022-06-01,8,5,3
HND,2022-07-01,14,7,7
HND,2022-08-01,11,5,6
HND,2022-09-01,15,5,10
HND,2022-10-01,21,10,11
HND,2022-11-01,13,8,5
HND,2022-12-01,13,6,7
HND,2023-01-01,28,12,16
HND,2023-02-01,31,21,10
HND,2023-03-01,14,3,11
HND,2023-04-01,24,12,12
HND,2023-05-01,8,6,2
HND,2023-06-01,17,11,6
HND,2023-07-01,24,21,3
HND,2023-08-01,19,10,9
HND,2023-09-01,30,21,9
HND,2023-10-01,25,17,8
HND,2023-11-01,33,21,12
HRV,2020-01-01,458,285,173
HRV,2020-02-01,320,222,98
HRV,2020-03-01,89,69,20
HRV,2020-04-01,2,2,0
HRV,2020-05-01,8,8,0
HRV,2020-06-01,1,1,0
HRV,2020-07-01,44,44,0
HRV,2020-08-01,24,23,1
HRV,2020-09-01,13,11,2
HRV,2020-10-01,10,9,1
HRV,2020-11-01,14,14,0
HRV,2020-12-01,18,18,0
HRV,2021-01-01,48,48,0
HRV,2021-02-01,63,62,1
HRV,2021-03-01,49,45,4
HRV,2021-04-01,15,13,2
HRV,2021-05-01,43,41,2
HRV,2021-06-01,21,21,0
HRV,2021-07-01,13,13,0
HRV,2021-08-01,25,24,1
HRV,2021-09-01,22,18,4
HRV,2021-10-01,11,11,0
HRV,2021-11-01,19,18,1
HRV,2021-12-01,12,11,1
HRV,2022-01-01,34,32,2
HRV,2022-02-01,31,30,1
HRV,2022-03-01,36,32,4
HRV,2022-04-01,58,40,18
HRV,2022-05-01,88,75,13
HRV,2022-06-01,77,64,13
HRV,2022-07-01,127,86,41
HRV,2022-08-01,150,105,45
HRV,2022-09-01,160,114,46
HRV,2022-10-01,151,116,35
HRV,2022-11-01,180,128,52
HRV,2022-12-01,178,113,65
HRV,2023-01-01,237,148,89
HRV,2023-02-01,226,155,71
HRV,2023-03-01,217,161,56
HRV,2023-04-01,196,127,69
HRV,2023-05-01,197,148,49
HRV,2023-06-01,120,85,35
HRV,2023-07-01,180,125,55
HRV,2023-08-01,289,167,122
HRV,2023-09-01,190,136,54
HRV,2023-10-01,260,178,82
HRV,2023-11-01,318,181,137
HTI,2020-01-01,5,4,1
HTI,2020-02-01,10,8,2
HTI,2020-03-01,0,0,0
HTI,2020-04-01,0,0,0
HTI,2020-05-01,0,0,0
HTI,2020-06-01,0,0,0
HTI,2020-07-01,0,0,0
HTI,2020-08-01,0,0,0
HTI,2020-09-01,0,0,0
HTI,2020-10-01,0,0,0
HTI,2020-11-01,0,0,0
HTI,2020-12-01,0,0,0
HTI,2021-01-01,0,0,0
HTI,2021-02-01,1,1,0
HTI,2021-03-01,0,0,0
HTI,2021-04-01,0,0,0
HTI,2021-05-01,0,0,0
HTI,2021-06-01,0,0,0
HTI,2021-07-01,0,0,0
HTI,2021-08-01,0,0,0
HTI,2021-09-01,0,0,0
HTI,2021-10-01,0,0,0
HTI,2021-11-01,0,0,0
HTI,2021-12-01,0,0,0
HTI,2022-01-01,1,1,0
HTI,2022-02-01,1,1,0
HTI,2022-03-01,0,0,0
HTI,2022-04-01,0,0,0
HTI,2022-05-01,7,2,5
HTI,2022-06-01,1,1,0
HTI,2022-07-01,12,8,4
HTI,2022-08-01,1,1,0
HTI,2022-09-01,8,5,3
HTI,2022-10-01,5,2,3
HTI,2022-11-01,6,2,4
HTI,2022-12-01,4,3,1
HTI,2023-01-01,6,4,2
HTI,2023-02-01,9,8,1
HTI,2023-03-01,4,3,1
HTI,2023-04-01,4,3,1
HTI,2023-05-01,9,9,0
HTI,2023-06-01,2,2,0
HTI,2023-07-01,9,4,5
HTI,2023-08-01,4,3,1
HTI,2023-09-01,16,10,6
HTI,2023-10-01,5,5,0
HTI,2023-11-01,10,7,3
HUN,2020-01-01,1564,834,730
HUN,2020-02-01,1640,837,803
HUN,2020-03-01,527,280,247
HUN,2020-04-01,2,2,0
HUN,2020-05-01,0,0,0
HUN,2020-06-01,1,0,1
HUN,2020-07-01,7,3,4
HUN,2020-08-01,8,5,3
HUN,2020-09-01,5,3,2
HUN,2020-10-01,4,2,2
HUN,2020-11-01,5,5,0
HUN,2020-12-01,1,1,0
HUN,2021-01-01,12,9,3
HUN,2021-02-01,1,0,1
HUN,2021-03-01,5,1,4
HUN,2021-04-01,9,5,4
HUN,2021-05-01,4,4,0
HUN,2021-06-01,4,3,1
HUN,2021-07-01,4,3,1
HUN,2021-08-01,10,7,3
HUN,2021-09-01,17,8,9
HUN,2021-10-01,8,3,5
HUN,2021-11-01,5,3,2
HUN,2021-12-01,15,10,5
HUN,2022-01-01,19,13,6
HUN,2022-02-01,11,7,4
HUN,2022-03-01,11,6,5
HUN,2022-04-01,127,70,57
HUN,2022-05-01,197,130,67
HUN,2022-06-01,205,121,84
HUN,2022-07-01,352,204,148
HUN,2022-08-01,347,207,140
HUN,2022-09-01,392,215,177
HUN,2022-10-01,467,278,189
HUN,2022-11-01,509,290,219
HUN,2022-12-01,694,358,336
HUN,2023-01-01,642,355,287
HUN,2023-02-01,951,527,424
HUN,2023-03-01,692,391,301
HUN,2023-04-01,697,350,347
HUN,2023-05-01,434,249,185
HUN,2023-06-01,366,219,147
HUN,2023-07-01,621,335,286
HUN,2023-08-01,655,349,306
HUN,2023-09-01,483,278,205
HUN,2023-10-01,657,368,289
HUN,2023-11-01,728,398,330
IDN,2020-01-01,373952,185414,188538
IDN,2020-02-01,277827,147075,130752
IDN,2020-03-01,131683,71799,59884
IDN,2020-04-01,430,305,125
IDN,2020-05-01,234,173,61
IDN,2020-06-01,728,551,177
IDN,2020-07-01,1742,1358,384
IDN,2020-08-01,1289,958,331
IDN,2020-09-01,1372,1106,266
IDN,2020-10-01,974,868,106
IDN,2020-11-01,964,817,147
IDN,2020-12-01,1036,809,227
IDN,2021-01-01,1123,902,221
IDN,2021-02-01,1229,964,265
IDN,2021-03-01,2090,1474,616
IDN,2021-04-01,1781,1329,452
IDN,2021-05-01,1331,1006,325
IDN,2021-06-01,905,752,153
IDN,2021-07-01,1126,965,161
IDN,2021-08-01,885,673,212
IDN,2021-09-01,1197,808,389
IDN,2021-10-01,1514,886,628
IDN,2021-11-01,2502,1325,1177
IDN,2021-12-01,4365,1985,2380
IDN,2022-01-01,4510,2395,2115
IDN,2022-02-01,3954,1972,1982
IDN,2022-03-01,6511,2881,3630
IDN,2022-04-01,35776,15355,20421
IDN,2022-05-01,109113,53517,55596
IDN,2022-06-01,163265,84425,78840
IDN,2022-07-01,190578,97682,92896
IDN,2022-08-01,211750,110287,101463
IDN,2022-09-01,219069,112348,106721
IDN,2022-10-01,248561,128548,120013
IDN,2022-11-01,252338,129612,122726
IDN,2022-12-01,296613,141879,154734
IDN,2023-01-01,300977,147984,152993
IDN,2023-02-01,266259,134697,131562
IDN,2023-03-01,276253,138809,137444
IDN,2023-04-01,292499,132001,160498
IDN,2023-05-01,326967,168235,158732
IDN,2023-06-01,275647,127035,148612
IDN,2023-07-01,344760,160695,184065
IDN,2023-08-01,295132,140393,154739
IDN,2023-09-01,308884,145196,163688
IDN,2023-10-01,313076,146455,166621
IDN,2023-11-01,330886,155833,175053
IND,2020-01-01,98666,70464,28202
IND,2020-02-01,72196,55126,17070
IND,2020-03-01,27210,21556,5654
IND,2020-04-01,47,26,21
IND,2020-05-01,38,21,17
IND,2020-06-01,73,43,30
IND,2020-07-01,771,556,215
IND,2020-08-01,765,501,264
IND,2020-09-01,556,424,132
IND,2020-10-01,392,342,50
IND,2020-11-01,427,371,56
IND,2020-12-01,490,395,95
IND,2021-01-01,757,630,127
IND,2021-02-01,961,774,187
IND,2021-03-01,1559,1153,406
IND,2021-04-01,1467,1071,396
IND,2021-05-01,39,24,15
IND,2021-06-01,29,19,10
IND,2021-07-01,48,26,22
IND,2021-08-01,68,51,17
IND,2021-09-01,184,135,49
IND,2021-10-01,945,712,233
IND,2021-11-01,2072,1640,432
IND,2021-12-01,6356,4646,1710
IND,2022-01-01,6884,4748,2136
IND,2022-02-01,5195,3759,1436
IND,2022-03-01,4382,3309,1073
IND,2022-04-01,16933,12129,4804
IND,2022-05-01,35058,24756,10302
IND,2022-06-01,46684,33289,13395
IND,2022-07-01,52831,38601,14230
IND,2022-08-01,56061,40448,15613
IND,2022-09-01,57400,42421,14979
IND,2022-10-01,68315,48397,19918
IND,2022-11-01,60636,43880,16756
IND,2022-12-01,61947,41834,20113
IND,2023-01-01,56008,39248,16760
IND,2023-02-01,52314,38585,13729
IND,2023-03-01,62188,45533,16655
IND,2023-04-01,72977,49679,23298
IND,2023-05-01,90955,59315,31640
IND,2023-06-01,69771,45697,24074
IND,2023-07-01,78681,56360,22321
IND,2023-08-01,82385,57855,24530
IND,2023-09-01,98033,69023,29010
IND,2023-10-01,83044,56395,26649
IND,2023-11-01,71786,48957,22829
IOT,2020-01-01,0,0,0
IOT,2020-02-01,0,0,0
IOT,2020-03-01,0,0,0
IOT,2020-04-01,0,0,0
IOT,2020-05-01,0,0,0
IOT,2020-06-01,0,0,0
IOT,2020-07-01,0,0,0
IOT,2020-08-01,0,0,0
IOT,2020-09-01,0,0,0
IOT,2020-10-01,0,0,0
IOT,2020-11-01,0,0,0
IOT,2020-12-01,0,0,0
IOT,2021-01-01,0,0,0
IOT,2021-02-01,0,0,0
IOT,2021-03-01,0,0,0
IOT,2021-04-01,0,0,0
IOT,2021-05-01,0,0,0
IOT,2021-06-01,0,0,0
IOT,2021-07-01,0,0,0
IOT,2021-08-01,0,0,0
IOT,2021-09-01,0,0,0
IOT,2021-10-01,0,0,0
IOT,2021-11-01,0,0,0
IOT,2021-12-01,0,0,0
IOT,2022-01-01,0,0,0
IOT,2022-02-01,0,0,0
IOT,2022-03-01,0,0,0
IOT,2022-04-01,0,0,0
IOT,2022-05-01,0,0,0
IOT,2022-06-01,0,0,0
IOT,2022-07-01,0,0,0
IOT,2022-08-01,0,0,0
IOT,2022-09-01,0,0,0
IOT,2022-10-01,1,1,0
IOT,2022-11-01,1,1,0
IOT,2022-12-01,0,0,0
IOT,2023-01-01,1,0,1
IOT,2023-02-01,0,0,0
IOT,2023-03-01,0,0,0
IOT,2023-04-01,0,0,0
IOT,2023-05-01,0,0,0
IOT,2023-06-01,0,0,0
IOT,2023-07-01,0,0,0
IOT,2023-08-01,0,0,0
IOT,2023-09-01,0,0,0
IOT,2023-10-01,0,0,0
IOT,2023-11-01,2,0,2
IRL,2020-01-01,2151,1368,783
IRL,2020-02-01,1647,1016,631
IRL,2020-03-01,755,469,286
IRL,2020-04-01,2,2,0
IRL,2020-05-01,6,4,2
IRL,2020-06-01,4,3,1
IRL,2020-07-01,16,11,5
IRL,2020-08-01,22,14,8
IRL,2020-09-01,12,10,2
IRL,2020-10-01,19,11,8
IRL,2020-11-01,17,12,5
IRL,2020-12-01,12,10,2
IRL,2021-01-01,15,12,3
IRL,2021-02-01,3,3,0
IRL,2021-03-01,17,10,7
IRL,2021-04-01,10,6,4
IRL,2021-05-01,12,12,0
IRL,2021-06-01,6,4,2
IRL,2021-07-01,20,12,8
IRL,2021-08-01,29,18,11
IRL,2021-09-01,15,10,5
IRL,2021-10-01,20,14,6
IRL,2021-11-01,25,16,9
IRL,2021-12-01,74,46,28
IRL,2022-01-01,119,84,35
IRL,2022-02-01,67,42,25
IRL,2022-03-01,73,54,19
IRL,2022-04-01,529,363,166
IRL,2022-05-01,719,466,253
IRL,2022-06-01,962,624,338
IRL,2022-07-01,1362,781,581
IRL,2022-08-01,1320,778,542
IRL,2022-09-01,1353,824,529
IRL,2022-10-01,1845,1093,752
IRL,2022-11-01,1381,861,520
IRL,2022-12-01,1330,791,539
IRL,2023-01-01,1734,1049,685
IRL,2023-02-01,1632,997,635
IRL,2023-03-01,1746,1011,735
IRL,2023-04-01,1777,1025,752
IRL,2023-05-01,1542,981,561
IRL,2023-06-01,1613,952,661
IRL,2023-07-01,2403,1328,1075
IRL,2023-08-01,2165,1251,914
IRL,2023-09-01,2061,1279,782
IRL,2023-10-01,1893,1131,762
IRL,2023-11-01,1920,1192,728
IRN,2020-01-01,4636,2550,2086
IRN,2020-02-01,3950,2151,1799
IRN,2020-03-01,706,416,290
IRN,2020-04-01,0,0,0
IRN,2020-05-01,1,1,0
IRN,2020-06-01,5,4,1
IRN,2020-07-01,28,14,14
IRN,2020-08-01,24,10,14
IRN,2020-09-01,19,13,6
IRN,2020-10-01,30,13,17
IRN,2020-11-01,26,13,13
IRN,2020-12-01,12,6,6
IRN,2021-01-01,49,41,8
IRN,2021-02-01,76,67,9
IRN,2021-03-01,51,33,18
IRN,2021-04-01,46,30,16
IRN,2021-05-01,42,23,19
IRN,2021-06-01,15,10,5
IRN,2021-07-01,23,14,9
IRN,2021-08-01,46,33,13
IRN,2021-09-01,45,27,18
IRN,2021-10-01,92,47,45
IRN,2021-11-01,99,58,41
IRN,2021-12-01,175,101,74
IRN,2022-01-01,190,111,79
IRN,2022-02-01,185,106,79
IRN,2022-03-01,217,121,96
IRN,2022-04-01,730,414,316
IRN,2022-05-01,949,548,401
IRN,2022-06-01,1275,694,581
IRN,2022-07-01,1581,832,749
IRN,2022-08-01,1199,646,553
IRN,2022-09-01,927,509,418
IRN,2022-10-01,970,577,393
IRN,2022-11-01,981,550,431
IRN,2022-12-01,945,539,406
IRN,2023-01-01,984,573,411
IRN,2023-02-01,976,548,428
IRN,2023-03-01,3099,1594,1505
IRN,2023-04-01,1384,760,624
IRN,2023-05-01,1193,695,498
IRN,2023-06-01,1319,709,610
IRN,2023-07-01,1699,943,756
IRN,2023-08-01,2227,1140,1087
IRN,2023-09-01,3465,1782,1683
IRN,2023-10-01,2194,1177,1017
IRN,2023-11-01,2592,1407,1185
IRQ,2020-01-01,1751,1265,486
IRQ,2020-02-01,1587,1067,520
IRQ,2020-03-01,611,416,195
IRQ,2020-04-01,0,0,0
IRQ,2020-05-01,0,0,0
IRQ,2020-06-01,11,6,5
IRQ,2020-07-01,7,6,1
IRQ,2020-08-01,10,10,0
IRQ,2020-09-01,16,10,6
IRQ,2020-10-01,10,6,4
IRQ,2020-11-01,11,8,3
IRQ,2020-12-01,8,6,2
IRQ,2021-01-01,11,9,2
IRQ,2021-02-01,29,22,7
IRQ,2021-03-01,52,41,11
IRQ,2021-04-01,39,24,15
IRQ,2021-05-01,25,20,5
IRQ,2021-06-01,25,15,10
IRQ,2021-07-01,16,12,4
IRQ,2021-08-01,29,15,14
IRQ,2021-09-01,47,35,12
IRQ,2021-10-01,69,49,20
IRQ,2021-11-01,104,73,31
IRQ,2021-12-01,256,164,92
IRQ,2022-01-01,194,127,67
IRQ,2022-02-01,175,114,61
IRQ,2022-03-01,228,151,77
IRQ,2022-04-01,447,300,147
IRQ,2022-05-01,550,378,172
IRQ,2022-06-01,660,454,206
IRQ,2022-07-01,689,409,280
IRQ,2022-08-01,898,541,357
IRQ,2022-09-01,790,518,272
IRQ,2022-10-01,722,512,210
IRQ,2022-11-01,967,758,209
IRQ,2022-12-01,749,515,234
IRQ,2023-01-01,662,455,207
IRQ,2023-02-01,822,564,258
IRQ,2023-03-01,756,560,196
IRQ,2023-04-01,609,434,175
IRQ,2023-05-01,876,615,261
IRQ,2023-06-01,1378,858,520
IRQ,2023-07-01,1244,746,498
IRQ,2023-08-01,1401,816,585
IRQ,2023-09-01,1588,1080,508
IRQ,2023-10-01,1519,1053,466
IRQ,2023-11-01,1383,965,418
ISL,2020-01-01,126,70,56
ISL,2020-02-01,98,54,44
ISL,2020-03-01,42,25,17
ISL,2020-04-01,0,0,0
ISL,2020-05-01,0,0,0
ISL,2020-06-01,0,0,0
ISL,2020-07-01,5,5,0
ISL,2020-08-01,0,0,0
ISL,2020-09-01,1,0,1
ISL,2020-10-01,0,0,0
ISL,2020-11-01,0,0,0
ISL,2020-12-01,0,0,0
ISL,2021-01-01,2,1,1
ISL,2021-02-01,0,0,0
ISL,2021-03-01,0,0,0
ISL,2021-04-01,0,0,0
ISL,2021-05-01,0,0,0
ISL,2021-06-01,0,0,0
ISL,2021-07-01,0,0,0
ISL,2021-08-01,0,0,0
ISL,2021-09-01,1,1,0
ISL,2021-10-01,0,0,0
ISL,2021-11-01,0,0,0
ISL,2021-12-01,1,1,0
ISL,2022-01-01,4,2,2
ISL,2022-02-01,2,2,0
ISL,2022-03-01,1,0,1
ISL,2022-04-01,13,8,5
ISL,2022-05-01,34,11,23
ISL,2022-06-01,30,13,17
ISL,2022-07-01,32,11,21
ISL,2022-08-01,27,20,7
ISL,2022-09-01,27,22,5
ISL,2022-10-01,39,23,16
ISL,2022-11-01,38,23,15
ISL,2022-12-01,34,20,14
ISL,2023-01-01,33,18,15
ISL,2023-02-01,49,23,26
ISL,2023-03-01,56,30,26
ISL,2023-04-01,58,33,25
ISL,2023-05-01,48,25,23
ISL,2023-06-01,30,15,15
ISL,2023-07-01,59,31,28
ISL,2023-08-01,52,25,27
ISL,2023-09-01,25,14,11
ISL,2023-10-01,30,16,14
ISL,2023-11-01,57,33,24
ISR,2020-01-01,0,0,0
ISR,2020-02-01,0,0,0
ISR,2020-03-01,0,0,0
ISR,2020-04-01,0,0,0
ISR,2020-05-01,0,0,0
ISR,2020-06-01,0,0,0
ISR,2020-07-01,0,0,0
ISR,2020-08-01,0,0,0
ISR,2020-09-01,0,0,0
ISR,2020-10-01,0,0,0
ISR,2020-11-01,0,0,0
ISR,2020-12-01,0,0,0
ISR,2021-01-01,0,0,0
ISR,2021-02-01,0,0,0
ISR,2021-03-01,0,0,0
ISR,2021-04-01,0,0,0
ISR,2021-05-01,0,0,0
ISR,2021-06-01,0,0,0
ISR,2021-07-01,0,0,0
ISR,2021-08-01,0,0,0
ISR,2021-09-01,0,0,0
ISR,2021-10-01,0,0,0
ISR,2021-11-01,0,0,0
ISR,2021-12-01,0,0,0
ISR,2022-01-01,0,0,0
ISR,2022-02-01,0,0,0
ISR,2022-03-01,0,0,0
ISR,2022-04-01,0,0,0
ISR,2022-05-01,4,2,2
ISR,2022-06-01,0,0,0
ISR,2022-07-01,0,0,0
ISR,2022-08-01,0,0,0
ISR,2022-09-01,2,2,0
ISR,2022-10-01,0,0,0
ISR,2022-11-01,1,1,0
ISR,2022-12-01,0,0,0
ISR,2023-01-01,0,0,0
ISR,2023-02-01,0,0,0
ISR,2023-03-01,0,0,0
ISR,2023-04-01,0,0,0
ISR,2023-05-01,1,1,0
ISR,2023-06-01,0,0,0
ISR,2023-07-01,0,0,0
ISR,2023-08-01,0,0,0
ISR,2023-09-01,0,0,0
ISR,2023-10-01,0,0,0
ISR,2023-11-01,0,0,0
ITA,2020-01-01,5614,3565,2049
ITA,2020-02-01,4372,2984,1388
ITA,2020-03-01,1161,810,351
ITA,2020-04-01,2,2,0
ITA,2020-05-01,0,0,0
ITA,2020-06-01,4,2,2
ITA,2020-07-01,32,25,7
ITA,2020-08-01,18,16,2
ITA,2020-09-01,18,17,1
ITA,2020-10-01,38,34,4
ITA,2020-11-01,18,17,1
ITA,2020-12-01,16,14,2
ITA,2021-01-01,47,39,8
ITA,2021-02-01,43,40,3
ITA,2021-03-01,27,20,7
ITA,2021-04-01,68,62,6
ITA,2021-05-01,51,43,8
ITA,2021-06-01,31,29,2
ITA,2021-07-01,29,25,4
ITA,2021-08-01,67,45,22
ITA,2021-09-01,85,64,21
ITA,2021-10-01,81,56,25
ITA,2021-11-01,74,62,12
ITA,2021-12-01,91,75,16
ITA,2022-01-01,348,280,68
ITA,2022-02-01,175,148,27
ITA,2022-03-01,225,179,46
ITA,2022-04-01,852,635,217
ITA,2022-05-01,1313,970,343
ITA,2022-06-01,1453,1062,391
ITA,2022-07-01,2586,1638,948
ITA,2022-08-01,6300,3542,2758
ITA,2022-09-01,2500,1715,785
ITA,2022-10-01,2880,2128,752
ITA,2022-11-01,2541,1871,670
ITA,2022-12-01,2365,1540,825
ITA,2023-01-01,3766,2423,1343
ITA,2023-02-01,3946,2636,1310
ITA,2023-03-01,3926,2580,1346
ITA,2023-04-01,3251,2083,1168
ITA,2023-05-01,2837,2003,834
ITA,2023-06-01,2491,1681,810
ITA,2023-07-01,5887,3405,2482
ITA,2023-08-01,15370,8231,7139
ITA,2023-09-01,4319,2806,1513
ITA,2023-10-01,3446,2375,1071
ITA,2023-11-01,4130,2930,1200
JAM,2020-01-01,46,11,35
JAM,2020-02-01,28,13,15
JAM,2020-03-01,7,4,3
JAM,2020-04-01,0,0,0
JAM,2020-05-01,0,0,0
JAM,2020-06-01,0,0,0
JAM,2020-07-01,0,0,0
JAM,2020-08-01,0,0,0
JAM,2020-09-01,0,0,0
JAM,2020-10-01,0,0,0
JAM,2020-11-01,1,0,1
JAM,2020-12-01,0,0,0
JAM,2021-01-01,0,0,0
JAM,2021-02-01,1,0,1
JAM,2021-03-01,0,0,0
JAM,2021-04-01,1,0,1
JAM,2021-05-01,0,0,0
JAM,2021-06-01,0,0,0
JAM,2021-07-01,0,0,0
JAM,2021-08-01,0,0,0
JAM,2021-09-01,1,1,0
JAM,2021-10-01,1,0,1
JAM,2021-11-01,0,0,0
JAM,2021-12-01,2,2,0
JAM,2022-01-01,2,1,1
JAM,2022-02-01,2,1,1
JAM,2022-03-01,2,1,1
JAM,2022-04-01,4,1,3
JAM,2022-05-01,1,1,0
JAM,2022-06-01,9,5,4
JAM,2022-07-01,5,4,1
JAM,2022-08-01,23,13,10
JAM,2022-09-01,7,2,5
JAM,2022-10-01,23,9,14
JAM,2022-11-01,21,13,8
JAM,2022-12-01,23,15,8
JAM,2023-01-01,15,5,10
JAM,2023-02-01,15,6,9
JAM,2023-03-01,24,8,16
JAM,2023-04-01,18,4,14
JAM,2023-05-01,30,15,15
JAM,2023-06-01,31,16,15
JAM,2023-07-01,33,11,22
JAM,2023-08-01,37,10,27
JAM,2023-09-01,21,12,9
JAM,2023-10-01,26,6,20
JAM,2023-11-01,38,12,26
JOR,2020-01-01,1371,815,556
JOR,2020-02-01,922,632,290
JOR,2020-03-01,296,219,77
JOR,2020-04-01,0,0,0
JOR,2020-05-01,0,0,0
JOR,2020-06-01,2,1,1
JOR,2020-07-01,0,0,0
JOR,2020-08-01,7,5,2
JOR,2020-09-01,8,6,2
JOR,2020-10-01,5,4,1
JOR,2020-11-01,3,3,0
JOR,2020-12-01,7,5,2
JOR,2021-01-01,8,6,2
JOR,2021-02-01,23,21,2
JOR,2021-03-01,43,33,10
JOR,2021-04-01,25,18,7
JOR,2021-05-01,45,35,10
JOR,2021-06-01,13,11,2
JOR,2021-07-01,8,7,1
JOR,2021-08-01,24,15,9
JOR,2021-09-01,39,26,13
JOR,2021-10-01,66,43,23
JOR,2021-11-01,51,46,5
JOR,2021-12-01,78,62,16
JOR,2022-01-01,65,49,16
JOR,2022-02-01,79,50,29
JOR,2022-03-01,71,51,20
JOR,2022-04-01,291,182,109
JOR,2022-05-01,548,341,207
JOR,2022-06-01,576,342,234
JOR,2022-07-01,629,396,233
JOR,2022-08-01,656,388,268
JOR,2022-09-01,690,426,264
JOR,2022-10-01,661,424,237
JOR,2022-11-01,617,387,230
JOR,2022-12-01,523,314,209
JOR,2023-01-01,787,477,310
JOR,2023-02-01,549,345,204
JOR,2023-03-01,586,391,195
JOR,2023-04-01,449,290,159
JOR,2023-05-01,725,461,264
JOR,2023-06-01,1055,640,415
JOR,2023-07-01,1436,790,646
JOR,2023-08-01,1182,655,527
JOR,2023-09-01,1174,719,455
JOR,2023-10-01,938,572,366
JOR,2023-11-01,744,497,247
JPN,2020-01-01,44029,27326,16703
JPN,2020-02-01,41312,25588,15724
JPN,2020-03-01,10802,7047,3755
JPN,2020-04-01,7,6,1
JPN,2020-05-01,8,6,2
JPN,2020-06-01,47,30,17
JPN,2020-07-01,442,309,133
JPN,2020-08-01,417,282,135
JPN,2020-09-01,441,294,147
JPN,2020-10-01,490,332,158
JPN,2020-11-01,363,242,121
JPN,2020-12-01,417,277,140
JPN,2021-01-01,396,280,116
JPN,2021-02-01,359,249,110
JPN,2021-03-01,426,291,135
JPN,2021-04-01,631,432,199
JPN,2021-05-01,481,339,142
JPN,2021-06-01,312,208,104
JPN,2021-07-01,305,175,130
JPN,2021-08-01,385,245,140
JPN,2021-09-01,670,446,224
JPN,2021-10-01,909,584,325
JPN,2021-11-01,792,547,245
JPN,2021-12-01,1151,672,479
JPN,2022-01-01,1358,920,438
JPN,2022-02-01,1033,707,326
JPN,2022-03-01,1164,784,380
JPN,2022-04-01,5355,3594,1761
JPN,2022-05-01,9070,6484,2586
JPN,2022-06-01,9290,6814,2476
JPN,2022-07-01,13457,9105,4352
JPN,2022-08-01,17381,10951,6430
JPN,2022-09-01,15809,10907,4902
JPN,2022-10-01,16940,11687,5253
JPN,2022-11-01,17222,12158,5064
JPN,2022-12-01,18938,12068,6870
JPN,2023-01-01,19372,12132,7240
JPN,2023-02-01,23366,15240,8126
JPN,2023-03-01,25834,16346,9488
JPN,2023-04-01,21906,13651,8255
JPN,2023-05-01,22832,15018,7814
JPN,2023-06-01,17585,11984,5601
JPN,2023-07-01,30312,18404,11908
JPN,2023-08-01,41854,23625,18229
JPN,2023-09-01,32251,20232,12019
JPN,2023-10-01,28984,18643,10341
JPN,2023-11-01,29963,19459,10504
KAZ,2020-01-01,4183,1766,2417
KAZ,2020-02-01,2488,1060,1428
KAZ,2020-03-01,1209,472,737
KAZ,2020-04-01,0,0,0
KAZ,2020-05-01,0,0,0
KAZ,2020-06-01,1,0,1
KAZ,2020-07-01,17,10,7
KAZ,2020-08-01,19,10,9
KAZ,2020-09-01,9,4,5
KAZ,2020-10-01,2,0,2
KAZ,2020-11-01,8,4,4
KAZ,2020-12-01,3,2,1
KAZ,2021-01-01,5,1,4
KAZ,2021-02-01,20,10,10
KAZ,2021-03-01,20,8,12
KAZ,2021-04-01,21,6,15
KAZ,2021-05-01,15,7,8
KAZ,2021-06-01,28,21,7
KAZ,2021-07-01,7,5,2
KAZ,2021-08-01,21,17,4
KAZ,2021-09-01,36,15,21
KAZ,2021-10-01,23,9,14
KAZ,2021-11-01,25,13,12
KAZ,2021-12-01,21,10,11
KAZ,2022-01-01,62,22,40
KAZ,2022-02-01,61,36,25
KAZ,2022-03-01,40,18,22
KAZ,2022-04-01,191,77,114
KAZ,2022-05-01,209,84,125
KAZ,2022-06-01,223,91,132
KAZ,2022-07-01,330,154,176
KAZ,2022-08-01,425,205,220
KAZ,2022-09-01,421,174,247
KAZ,2022-10-01,530,198,332
KAZ,2022-11-01,521,227,294
KAZ,2022-12-01,556,227,329
KAZ,2023-01-01,647,281,366
KAZ,2023-02-01,659,267,392
KAZ,2023-03-01,820,353,467
KAZ,2023-04-01,653,271,382
KAZ,2023-05-01,665,247,418
KAZ,2023-06-01,632,268,364
KAZ,2023-07-01,1095,476,619
KAZ,2023-08-01,1041,445,596
KAZ,2023-09-01,908,392,516
KAZ,2023-10-01,883,360,523
KAZ,2023-11-01,972,410,562
KEN,2020-01-01,535,278,257
KEN,2020-02-01,353,190,163
KEN,2020-03-01,112,68,44
KEN,2020-04-01,0,0,0
KEN,2020-05-01,0,0,0
KEN,2020-06-01,0,0,0
KEN,2020-07-01,1,0,1
KEN,2020-08-01,9,3,6
KEN,2020-09-01,6,2,4
KEN,2020-10-01,6,2,4
KEN,2020-11-01,1,1,0
KEN,2020-12-01,4,4,0
KEN,2021-01-01,9,7,2
KEN,2021-02-01,8,5,3
KEN,2021-03-01,33,14,19
KEN,2021-04-01,18,9,9
KEN,2021-05-01,37,26,11
KEN,2021-06-01,6,4,2
KEN,2021-07-01,8,3,5
KEN,2021-08-01,8,4,4
KEN,2021-09-01,37,27,10
KEN,2021-10-01,15,4,11
KEN,2021-11-01,42,32,10
KEN,2021-12-01,37,22,15
KEN,2022-01-01,115,50,65
KEN,2022-02-01,57,33,24
KEN,2022-03-01,46,19,27
KEN,2022-04-01,118,61,57
KEN,2022-05-01,182,97,85
KEN,2022-06-01,187,104,83
KEN,2022-07-01,189,99,90
KEN,2022-08-01,264,136,128
KEN,2022-09-01,341,180,161
KEN,2022-10-01,305,153,152
KEN,2022-11-01,346,177,169
KEN,2022-12-01,447,227,220
KEN,2023-01-01,329,163,166
KEN,2023-02-01,248,120,128
KEN,2023-03-01,554,285,269
KEN,2023-04-01,459,251,208
KEN,2023-05-01,373,185,188
KEN,2023-06-01,346,170,176
KEN,2023-07-01,485,248,237
KEN,2023-08-01,658,282,376
KEN,2023-09-01,625,321,304
KEN,2023-10-01,590,296,294
KEN,2023-11-01,661,318,343
KGZ,2020-01-01,787,369,418
KGZ,2020-02-01,360,170,190
KGZ,2020-03-01,149,72,77
KGZ,2020-04-01,0,0,0
KGZ,2020-05-01,0,0,0
KGZ,2020-06-01,0,0,0
KGZ,2020-07-01,4,4,0
KGZ,2020-08-01,1,1,0
KGZ,2020-09-01,3,3,0
KGZ,2020-10-01,4,3,1
KGZ,2020-11-01,1,0,1
KGZ,2020-12-01,3,3,0
KGZ,2021-01-01,4,1,3
KGZ,2021-02-01,2,2,0
KGZ,2021-03-01,6,5,1
KGZ,2021-04-01,6,4,2
KGZ,2021-05-01,1,0,1
KGZ,2021-06-01,3,2,1
KGZ,2021-07-01,6,2,4
KGZ,2021-08-01,8,8,0
KGZ,2021-09-01,0,0,0
KGZ,2021-10-01,4,1,3
KGZ,2021-11-01,6,2,4
KGZ,2021-12-01,13,6,7
KGZ,2022-01-01,31,18,13
KGZ,2022-02-01,19,11,8
KGZ,2022-03-01,25,17,8
KGZ,2022-04-01,111,71,40
KGZ,2022-05-01,165,98,67
KGZ,2022-06-01,156,97,59
KGZ,2022-07-01,143,82,61
KGZ,2022-08-01,193,96,97
KGZ,2022-09-01,131,68,63
KGZ,2022-10-01,105,55,50
KGZ,2022-11-01,145,77,68
KGZ,2022-12-01,179,77,102
KGZ,2023-01-01,258,151,107
KGZ,2023-02-01,210,111,99
KGZ,2023-03-01,210,97,113
KGZ,2023-04-01,170,79,91
KGZ,2023-05-01,238,127,111
KGZ,2023-06-01,198,95,103
KGZ,2023-07-01,267,124,143
KGZ,2023-08-01,291,151,140
KGZ,2023-09-01,281,158,123
KGZ,2023-10-01,287,149,138
KGZ,2023-11-01,313,180,133
KHM,2020-01-01,9906,5037,4869
KHM,2020-02-01,7956,4606,3350
KHM,2020-03-01,2759,1426,1333
KHM,2020-04-01,7,2,5
KHM,2020-05-01,2,0,2
KHM,2020-06-01,14,6,8
KHM,2020-07-01,15,2,13
KHM,2020-08-01,1,0,1
KHM,2020-09-01,5,1,4
KHM,2020-10-01,27,25,2
KHM,2020-11-01,9,3,6
KHM,2020-12-01,9,3,6
KHM,2021-01-01,9,4,5
KHM,2021-02-01,2,0,2
KHM,2021-03-01,12,3,9
KHM,2021-04-01,9,1,8
KHM,2021-05-01,12,6,6
KHM,2021-06-01,9,9,0
KHM,2021-07-01,118,115,3
KHM,2021-08-01,64,61,3
KHM,2021-09-01,2,1,1
KHM,2021-10-01,36,34,2
KHM,2021-11-01,47,33,14
KHM,2021-12-01,83,58,25
KHM,2022-01-01,87,50,37
KHM,2022-02-01,168,138,30
KHM,2022-03-01,213,173,40
KHM,2022-04-01,998,623,375
KHM,2022-05-01,2710,1708,1002
KHM,2022-06-01,4101,2259,1842
KHM,2022-07-01,5675,2911,2764
KHM,2022-08-01,6102,3182,2920
KHM,2022-09-01,6476,3292,3184
KHM,2022-10-01,7063,3645,3418
KHM,2022-11-01,9058,4494,4564
KHM,2022-12-01,6680,3093,3587
KHM,2023-01-01,8360,4335,4025
KHM,2023-02-01,7657,4197,3460
KHM,2023-03-01,7778,3685,4093
KHM,2023-04-01,10527,4791,5736
KHM,2023-05-01,9446,4438,5008
KHM,2023-06-01,4961,2409,2552
KHM,2023-07-01,8300,4045,4255
KHM,2023-08-01,9422,4804,4618
KHM,2023-09-01,6559,3115,3444
KHM,2023-10-01,7515,3622,3893
KHM,2023-11-01,8251,3818,4433
KIR,2020-01-01,5,5,0
KIR,2020-02-01,3,2,1
KIR,2020-03-01,2,2,0
KIR,2020-04-01,0,0,0
KIR,2020-05-01,0,0,0
KIR,2020-06-01,0,0,0
KIR,2020-07-01,0,0,0
KIR,2020-08-01,0,0,0
KIR,2020-09-01,0,0,0
KIR,2020-10-01,12,12,0
KIR,2020-11-01,10,10,0
KIR,2020-12-01,8,8,0
KIR,2021-01-01,6,6,0
KIR,2021-02-01,10,10,0
KIR,2021-03-01,4,4,0
KIR,2021-04-01,0,0,0
KIR,2021-05-01,11,11,0
KIR,2021-06-01,5,5,0
KIR,2021-07-01,4,4,0
KIR,2021-08-01,0,0,0
KIR,2021-09-01,0,0,0
KIR,2021-10-01,0,0,0
KIR,2021-11-01,0,0,0
KIR,2021-12-01,0,0,0
KIR,2022-01-01,0,0,0
KIR,2022-02-01,0,0,0
KIR,2022-03-01,0,0,0
KIR,2022-04-01,0,0,0
KIR,2022-05-01,0,0,0
KIR,2022-06-01,0,0,0
KIR,2022-07-01,1,1,0
KIR,2022-08-01,0,0,0
KIR,2022-09-01,0,0,0
KIR,2022-10-01,0,0,0
KIR,2022-11-01,4,2,2
KIR,2022-12-01,0,0,0
KIR,2023-01-01,0,0,0
KIR,2023-02-01,1,0,1
KIR,2023-03-01,5,5,0
KIR,2023-04-01,1,1,0
KIR,2023-05-01,1,1,0
KIR,2023-06-01,0,0,0
KIR,2023-07-01,2,1,1
KIR,2023-08-01,0,0,0
KIR,2023-09-01,1,1,0
KIR,2023-10-01,0,0,0
KIR,2023-11-01,0,0,0
KNA,2020-01-01,63,44,19
KNA,2020-02-01,46,36,10
KNA,2020-03-01,23,18,5
KNA,2020-04-01,0,0,0
KNA,2020-05-01,0,0,0
KNA,2020-06-01,0,0,0
KNA,2020-07-01,0,0,0
KNA,2020-08-01,0,0,0
KNA,2020-09-01,1,1,0
KNA,2020-10-01,2,2,0
KNA,2020-11-01,0,0,0
KNA,2020-12-01,1,0,1
KNA,2021-01-01,0,0,0
KNA,2021-02-01,1,1,0
KNA,2021-03-01,0,0,0
KNA,2021-04-01,0,0,0
KNA,2021-05-01,0,0,0
KNA,2021-06-01,0,0,0
KNA,2021-07-01,0,0,0
KNA,2021-08-01,0,0,0
KNA,2021-09-01,1,1,0
KNA,2021-10-01,3,2,1
KNA,2021-11-01,0,0,0
KNA,2021-12-01,1,1,0
KNA,2022-01-01,2,2,0
KNA,2022-02-01,2,2,0
KNA,2022-03-01,2,2,0
KNA,2022-04-01,29,21,8
KNA,2022-05-01,58,41,17
KNA,2022-06-01,48,38,10
KNA,2022-07-01,86,58,28
KNA,2022-08-01,53,40,13
KNA,2022-09-01,64,47,17
KNA,2022-10-01,81,60,21
KNA,2022-11-01,57,39,18
KNA,2022-12-01,82,54,28
KNA,2023-01-01,70,51,19
KNA,2023-02-01,66,56,10
KNA,2023-03-01,78,57,21
KNA,2023-04-01,125,93,32
KNA,2023-05-01,75,60,15
KNA,2023-06-01,86,58,28
KNA,2023-07-01,124,82,42
KNA,2023-08-01,125,96,29
KNA,2023-09-01,91,64,27
KNA,2023-10-01,95,69,26
KNA,2023-11-01,84,61,23
KOR,2020-01-01,98357,45260,53097
KOR,2020-02-01,35596,17840,17756
KOR,2020-03-01,4559,2730,1829
KOR,2020-04-01,2,2,0
KOR,2020-05-01,2,1,1
KOR,2020-06-01,45,35,10
KOR,2020-07-01,235,155,80
KOR,2020-08-01,366,177,189
KOR,2020-09-01,380,214,166
KOR,2020-10-01,311,179,132
KOR,2020-11-01,235,161,74
KOR,2020-12-01,274,197,77
KOR,2021-01-01,237,155,82
KOR,2021-02-01,214,157,57
KOR,2021-03-01,344,235,109
KOR,2021-04-01,339,240,99
KOR,2021-05-01,306,234,72
KOR,2021-06-01,214,163,51
KOR,2021-07-01,282,194,88
KOR,2021-08-01,372,221,151
KOR,2021-09-01,387,249,138
KOR,2021-10-01,676,461,215
KOR,2021-11-01,623,386,237
KOR,2021-12-01,1354,851,503
KOR,2022-01-01,1223,709,514
KOR,2022-02-01,891,617,274
KOR,2022-03-01,1011,701,310
KOR,2022-04-01,5588,3664,1924
KOR,2022-05-01,9853,6211,3642
KOR,2022-06-01,12823,7532,5291
KOR,2022-07-01,26499,13805,12694
KOR,2022-08-01,26280,13648,12632
KOR,2022-09-01,20508,11295,9213
KOR,2022-10-01,23658,12908,10750
KOR,2022-11-01,25192,13347,11845
KOR,2022-12-01,34415,17310,17105
KOR,2023-01-01,56710,27158,29552
KOR,2023-02-01,48525,23522,25003
KOR,2023-03-01,35480,17243,18237
KOR,2023-04-01,30684,15642,15042
KOR,2023-05-01,33173,16811,16362
KOR,2023-06-01,23122,12423,10699
KOR,2023-07-01,46068,22699,23369
KOR,2023-08-01,36035,18735,17300
KOR,2023-09-01,26151,14533,11618
KOR,2023-10-01,24952,13932,11020
KOR,2023-11-01,34479,18025,16454
KWT,2020-01-01,1221,616,605
KWT,2020-02-01,195,134,61
KWT,2020-03-01,56,42,14
KWT,2020-04-01,0,0,0
KWT,2020-05-01,0,0,0
KWT,2020-06-01,0,0,0
KWT,2020-07-01,0,0,0
KWT,2020-08-01,1,1,0
KWT,2020-09-01,2,2,0
KWT,2020-10-01,3,3,0
KWT,2020-11-01,0,0,0
KWT,2020-12-01,3,2,1
KWT,2021-01-01,9,6,3
KWT,2021-02-01,5,3,2
KWT,2021-03-01,4,3,1
KWT,2021-04-01,0,0,0
KWT,2021-05-01,1,1,0
KWT,2021-06-01,2,2,0
KWT,2021-07-01,8,3,5
KWT,2021-08-01,10,8,2
KWT,2021-09-01,2,2,0
KWT,2021-10-01,9,4,5
KWT,2021-11-01,2,2,0
KWT,2021-12-01,6,5,1
KWT,2022-01-01,27,19,8
KWT,2022-02-01,19,8,11
KWT,2022-03-01,19,12,7
KWT,2022-04-01,89,48,41
KWT,2022-05-01,191,119,72
KWT,2022-06-01,364,191,173
KWT,2022-07-01,932,485,447
KWT,2022-08-01,1445,719,726
KWT,2022-09-01,471,257,214
KWT,2022-10-01,316,201,115
KWT,2022-11-01,328,214,114
KWT,2022-12-01,459,279,180
KWT,2023-01-01,1275,659,616
KWT,2023-02-01,398,236,162
KWT,2023-03-01,226,148,78
KWT,2023-04-01,343,191,152
KWT,2023-05-01,411,258,153
KWT,2023-06-01,1448,720,728
KWT,2023-07-01,2735,1430,1305
KWT,2023-08-01,4043,1968,2075
KWT,2023-09-01,831,442,389
KWT,2023-10-01,425,275,150
KWT,2023-11-01,314,198,116
LAO,2020-01-01,2624,532,2092
LAO,2020-02-01,2863,1053,1810
LAO,2020-03-01,1133,180,953
LAO,2020-04-01,2,0,2
LAO,2020-05-01,4,0,4
LAO,2020-06-01,0,0,0
LAO,2020-07-01,9,0,9
LAO,2020-08-01,1,1,0
LAO,2020-09-01,1,0,1
LAO,2020-10-01,3,3,0
LAO,2020-11-01,3,1,2
LAO,2020-12-01,3,1,2
LAO,2021-01-01,3,1,2
LAO,2021-02-01,1,0,1
LAO,2021-03-01,2,1,1
LAO,2021-04-01,46,42,4
LAO,2021-05-01,74,73,1
LAO,2021-06-01,86,85,1
LAO,2021-07-01,96,95,1
LAO,2021-08-01,202,202,0
LAO,2021-09-01,23,23,0
LAO,2021-10-01,1,0,1
LAO,2021-11-01,1,0,1
LAO,2021-12-01,19,15,4
LAO,2022-01-01,19,13,6
LAO,2022-02-01,42,36,6
LAO,2022-03-01,117,114,3
LAO,2022-04-01,293,251,42
LAO,2022-05-01,443,247,196
LAO,2022-06-01,490,117,373
LAO,2022-07-01,1082,245,837
LAO,2022-08-01,1170,241,929
LAO,2022-09-01,1387,295,1092
LAO,2022-10-01,1515,295,1220
LAO,2022-11-01,1508,266,1242
LAO,2022-12-01,1496,297,1199
LAO,2023-01-01,1803,438,1365
LAO,2023-02-01,2451,1060,1391
LAO,2023-03-01,2138,498,1640
LAO,2023-04-01,2000,437,1563
LAO,2023-05-01,2269,385,1884
LAO,2023-06-01,1610,323,1287
LAO,2023-07-01,1553,382,1171
LAO,2023-08-01,1913,556,1357
LAO,2023-09-01,1965,343,1622
LAO,2023-10-01,2141,388,1753
LAO,2023-11-01,2044,383,1661
LBN,2020-01-01,285,177,108
LBN,2020-02-01,246,181,65
LBN,2020-03-01,88,70,18
LBN,2020-04-01,0,0,0
LBN,2020-05-01,1,1,0
LBN,2020-06-01,0,0,0
LBN,2020-07-01,3,3,0
LBN,2020-08-01,0,0,0
LBN,2020-09-01,5,4,1
LBN,2020-10-01,3,1,2
LBN,2020-11-01,2,2,0
LBN,2020-12-01,6,4,2
LBN,2021-01-01,2,2,0
LBN,2021-02-01,2,1,1
LBN,2021-03-01,4,3,1
LBN,2021-04-01,5,5,0
LBN,2021-05-01,4,1,3
LBN,2021-06-01,4,2,2
LBN,2021-07-01,2,2,0
LBN,2021-08-01,1,1,0
LBN,2021-09-01,7,4,3
LBN,2021-10-01,14,10,4
LBN,2021-11-01,14,9,5
LBN,2021-12-01,14,8,6
LBN,2022-01-01,28,17,11
LBN,2022-02-01,22,15,7
LBN,2022-03-01,24,17,7
LBN,2022-04-01,102,62,40
LBN,2022-05-01,165,110,55
LBN,2022-06-01,137,87,50
LBN,2022-07-01,190,123,67
LBN,2022-08-01,195,129,66
LBN,2022-09-01,215,138,77
LBN,2022-10-01,204,140,64
LBN,2022-11-01,189,135,54
LBN,2022-12-01,263,155,108
LBN,2023-01-01,187,113,74
LBN,2023-02-01,245,153,92
LBN,2023-03-01,224,153,71
LBN,2023-04-01,262,168,94
LBN,2023-05-01,265,188,77
LBN,2023-06-01,251,163,88
LBN,2023-07-01,316,186,130
LBN,2023-08-01,296,171,125
LBN,2023-09-01,338,213,125
LBN,2023-10-01,313,210,103
LBN,2023-11-01,329,213,116
LBR,2020-01-01,15,13,2
LBR,2020-02-01,4,3,1
LBR,2020-03-01,3,3,0
LBR,2020-04-01,0,0,0
LBR,2020-05-01,0,0,0
LBR,2020-06-01,0,0,0
LBR,2020-07-01,1,1,0
LBR,2020-08-01,0,0,0
LBR,2020-09-01,0,0,0
LBR,2020-10-01,0,0,0
LBR,2020-11-01,1,1,0
LBR,2020-12-01,1,1,0
LBR,2021-01-01,0,0,0
LBR,2021-02-01,0,0,0
LBR,2021-03-01,4,3,1
LBR,2021-04-01,4,4,0
LBR,2021-05-01,4,2,2
LBR,2021-06-01,0,0,0
LBR,2021-07-01,1,0,1
LBR,2021-08-01,1,1,0
LBR,2021-09-01,2,2,0
LBR,2021-10-01,2,1,1
LBR,2021-11-01,0,0,0
LBR,2021-12-01,5,5,0
LBR,2022-01-01,3,2,1
LBR,2022-02-01,8,6,2
LBR,2022-03-01,2,2,0
LBR,2022-04-01,0,0,0
LBR,2022-05-01,3,1,2
LBR,2022-06-01,5,5,0
LBR,2022-07-01,6,6,0
LBR,2022-08-01,8,5,3
LBR,2022-09-01,6,5,1
LBR,2022-10-01,25,19,6
LBR,2022-11-01,4,3,1
LBR,2022-12-01,13,12,1
LBR,2023-01-01,14,14,0
LBR,2023-02-01,7,4,3
LBR,2023-03-01,8,7,1
LBR,2023-04-01,7,5,2
LBR,2023-05-01,7,5,2
LBR,2023-06-01,8,6,2
LBR,2023-07-01,4,2,2
LBR,2023-08-01,11,8,3
LBR,2023-09-01,10,10,0
LBR,2023-10-01,12,9,3
LBR,2023-11-01,9,9,0
LBY,2020-01-01,900,657,243
LBY,2020-02-01,690,508,182
LBY,2020-03-01,260,186,74
LBY,2020-04-01,0,0,0
LBY,2020-05-01,0,0,0
LBY,2020-06-01,0,0,0
LBY,2020-07-01,1,1,0
LBY,2020-08-01,1,1,0
LBY,2020-09-01,2,1,1
LBY,2020-10-01,5,5,0
LBY,2020-11-01,1,0,1
LBY,2020-12-01,3,3,0
LBY,2021-01-01,13,11,2
LBY,2021-02-01,8,8,0
LBY,2021-03-01,66,59,7
LBY,2021-04-01,50,36,14
LBY,2021-05-01,35,32,3
LBY,2021-06-01,26,18,8
LBY,2021-07-01,14,13,1
LBY,2021-08-01,28,23,5
LBY,2021-09-01,41,36,5
LBY,2021-10-01,76,56,20
LBY,2021-11-01,58,49,9
LBY,2021-12-01,194,124,70
LBY,2022-01-01,135,92,43
LBY,2022-02-01,148,108,40
LBY,2022-03-01,188,122,66
LBY,2022-04-01,133,84,49
LBY,2022-05-01,240,170,70
LBY,2022-06-01,242,172,70
LBY,2022-07-01,140,93,47
LBY,2022-08-01,268,186,82
LBY,2022-09-01,372,254,118
LBY,2022-10-01,321,219,102
LBY,2022-11-01,259,177,82
LBY,2022-12-01,203,141,62
LBY,2023-01-01,278,211,67
LBY,2023-02-01,279,178,101
LBY,2023-03-01,234,178,56
LBY,2023-04-01,139,110,29
LBY,2023-05-01,366,228,138
LBY,2023-06-01,266,179,87
LBY,2023-07-01,338,246,92
LBY,2023-08-01,576,403,173
LBY,2023-09-01,678,470,208
LBY,2023-10-01,447,321,126
LBY,2023-11-01,407,302,105
LCA,2020-01-01,18,14,4
LCA,2020-02-01,10,9,1
LCA,2020-03-01,5,5,0
LCA,2020-04-01,0,0,0
LCA,2020-05-01,0,0,0
LCA,2020-06-01,0,0,0
LCA,2020-07-01,0,0,0
LCA,2020-08-01,0,0,0
LCA,2020-09-01,0,0,0
LCA,2020-10-01,1,1,0
LCA,2020-11-01,0,0,0
LCA,2020-12-01,0,0,0
LCA,2021-01-01,1,1,0
LCA,2021-02-01,0,0,0
LCA,2021-03-01,0,0,0
LCA,2021-04-01,0,0,0
LCA,2021-05-01,0,0,0
LCA,2021-06-01,0,0,0
LCA,2021-07-01,0,0,0
LCA,2021-08-01,0,0,0
LCA,2021-09-01,0,0,0
LCA,2021-10-01,0,0,0
LCA,2021-11-01,1,1,0
LCA,2021-12-01,1,1,0
LCA,2022-01-01,2,2,0
LCA,2022-02-01,0,0,0
LCA,2022-03-01,1,1,0
LCA,2022-04-01,3,3,0
LCA,2022-05-01,5,5,0
LCA,2022-06-01,5,5,0
LCA,2022-07-01,8,7,1
LCA,2022-08-01,16,8,8
LCA,2022-09-01,13,12,1
LCA,2022-10-01,15,11,4
LCA,2022-11-01,11,10,1
LCA,2022-12-01,18,12,6
LCA,2023-01-01,23,12,11
LCA,2023-02-01,11,8,3
LCA,2023-03-01,16,14,2
LCA,2023-04-01,22,14,8
LCA,2023-05-01,19,17,2
LCA,2023-06-01,13,11,2
LCA,2023-07-01,18,13,5
LCA,2023-08-01,23,19,4
LCA,2023-09-01,26,19,7
LCA,2023-10-01,16,14,2
LCA,2023-11-01,13,12,1
LIE,2020-01-01,14,11,3
LIE,2020-02-01,7,6,1
LIE,2020-03-01,4,1,3
LIE,2020-04-01,0,0,0
LIE,2020-05-01,0,0,0
LIE,2020-06-01,0,0,0
LIE,2020-07-01,0,0,0
LIE,2020-08-01,0,0,0
LIE,2020-09-01,0,0,0
LIE,2020-10-01,0,0,0
LIE,2020-11-01,0,0,0
LIE,2020-12-01,0,0,0
LIE,2021-01-01,0,0,0
LIE,2021-02-01,0,0,0
LIE,2021-03-01,0,0,0
LIE,2021-04-01,1,1,0
LIE,2021-05-01,0,0,0
LIE,2021-06-01,0,0,0
LIE,2021-07-01,0,0,0
LIE,2021-08-01,0,0,0
LIE,2021-09-01,0,0,0
LIE,2021-10-01,1,1,0
LIE,2021-11-01,0,0,0
LIE,2021-12-01,1,1,0
LIE,2022-01-01,0,0,0
LIE,2022-02-01,1,1,0
LIE,2022-03-01,0,0,0
LIE,2022-04-01,1,1,0
LIE,2022-05-01,7,4,3
LIE,2022-06-01,4,2,2
LIE,2022-07-01,4,4,0
LIE,2022-08-01,3,2,1
LIE,2022-09-01,6,6,0
LIE,2022-10-01,6,6,0
LIE,2022-11-01,10,7,3
LIE,2022-12-01,11,7,4
LIE,2023-01-01,6,3,3
LIE,2023-02-01,5,1,4
LIE,2023-03-01,4,3,1
LIE,2023-04-01,5,3,2
LIE,2023-05-01,3,2,1
LIE,2023-06-01,6,3,3
LIE,2023-07-01,20,11,9
LIE,2023-08-01,5,3,2
LIE,2023-09-01,7,7,0
LIE,2023-10-01,17,5,12
LIE,2023-11-01,11,9,2
LKA,2020-01-01,4746,3058,1688
LKA,2020-02-01,3638,2492,1146
LKA,2020-03-01,1798,1190,608
LKA,2020-04-01,5,4,1
LKA,2020-05-01,1,1,0
LKA,2020-06-01,9,6,3
LKA,2020-07-01,11,8,3
LKA,2020-08-01,36,28,8
LKA,2020-09-01,41,21,20
LKA,2020-10-01,25,21,4
LKA,2020-11-01,21,12,9
LKA,2020-12-01,37,32,5
LKA,2021-01-01,48,41,7
LKA,2021-02-01,82,53,29
LKA,2021-03-01,121,64,57
LKA,2021-04-01,121,70,51
LKA,2021-05-01,44,34,10
LKA,2021-06-01,3,2,1
LKA,2021-07-01,8,4,4
LKA,2021-08-01,5,4,1
LKA,2021-09-01,4,4,0
LKA,2021-10-01,63,39,24
LKA,2021-11-01,127,77,50
LKA,2021-12-01,204,119,85
LKA,2022-01-01,440,243,197
LKA,2022-02-01,371,208,163
LKA,2022-03-01,360,209,151
LKA,2022-04-01,1229,740,489
LKA,2022-05-01,2182,1379,803
LKA,2022-06-01,2400,1567,833
LKA,2022-07-01,3033,1926,1107
LKA,2022-08-01,3602,2336,1266
LKA,2022-09-01,3472,2282,1190
LKA,2022-10-01,3993,2690,1303
LKA,2022-11-01,4091,2682,1409
LKA,2022-12-01,4877,2968,1909
LKA,2023-01-01,3910,2485,1425
LKA,2023-02-01,3956,2603,1353
LKA,2023-03-01,4499,3079,1420
LKA,2023-04-01,5312,3283,2029
LKA,2023-05-01,5043,3516,1527
LKA,2023-06-01,4747,3153,1594
LKA,2023-07-01,5922,3815,2107
LKA,2023-08-01,7214,4597,2617
LKA,2023-09-01,7352,4665,2687
LKA,2023-10-01,5554,3585,1969
LKA,2023-11-01,5884,3807,2077
LSO,2020-01-01,6,4,2
LSO,2020-02-01,5,2,3
LSO,2020-03-01,2,2,0
LSO,2020-04-01,0,0,0
LSO,2020-05-01,0,0,0
LSO,2020-06-01,0,0,0
LSO,2020-07-01,0,0,0
LSO,2020-08-01,0,0,0
LSO,2020-09-01,0,0,0
LSO,2020-10-01,0,0,0
LSO,2020-11-01,0,0,0
LSO,2020-12-01,1,1,0
LSO,2021-01-01,0,0,0
LSO,2021-02-01,0,0,0
LSO,2021-03-01,0,0,0
LSO,2021-04-01,0,0,0
LSO,2021-05-01,2,1,1
LSO,2021-06-01,0,0,0
LSO,2021-07-01,0,0,0
LSO,2021-08-01,0,0,0
LSO,2021-09-01,0,0,0
LSO,2021-10-01,0,0,0
LSO,2021-11-01,0,0,0
LSO,2021-12-01,0,0,0
LSO,2022-01-01,0,0,0
LSO,2022-02-01,7,3,4
LSO,2022-03-01,4,1,3
LSO,2022-04-01,5,0,5
LSO,2022-05-01,6,3,3
LSO,2022-06-01,2,1,1
LSO,2022-07-01,8,4,4
LSO,2022-08-01,1,1,0
LSO,2022-09-01,6,3,3
LSO,2022-10-01,1,1,0
LSO,2022-11-01,6,3,3
LSO,2022-12-01,6,3,3
LSO,2023-01-01,5,3,2
LSO,2023-02-01,4,2,2
LSO,2023-03-01,5,2,3
LSO,2023-04-01,7,2,5
LSO,2023-05-01,2,0,2
LSO,2023-06-01,0,0,0
LSO,2023-07-01,9,4,5
LSO,2023-08-01,6,3,3
LSO,2023-09-01,6,4,2
LSO,2023-10-01,11,4,7
LSO,2023-11-01,3,0,3
LTU,2020-01-01,519,262,257
LTU,2020-02-01,620,316,304
LTU,2020-03-01,191,105,86
LTU,2020-04-01,0,0,0
LTU,2020-05-01,3,3,0
LTU,2020-06-01,1,1,0
LTU,2020-07-01,4,4,0
LTU,2020-08-01,8,8,0
LTU,2020-09-01,5,5,0
LTU,2020-10-01,7,4,3
LTU,2020-11-01,3,3,0
LTU,2020-12-01,3,3,0
LTU,2021-01-01,8,7,1
LTU,2021-02-01,3,3,0
LTU,2021-03-01,1,1,0
LTU,2021-04-01,4,2,2
LTU,2021-05-01,9,9,0
LTU,2021-06-01,1,0,1
LTU,2021-07-01,1,1,0
LTU,2021-08-01,5,5,0
LTU,2021-09-01,6,3,3
LTU,2021-10-01,6,4,2
LTU,2021-11-01,3,2,1
LTU,2021-12-01,16,13,3
LTU,2022-01-01,14,8,6
LTU,2022-02-01,13,12,1
LTU,2022-03-01,19,13,6
LTU,2022-04-01,63,33,30
LTU,2022-05-01,100,56,44
LTU,2022-06-01,77,38,39
LTU,2022-07-01,128,66,62
LTU,2022-08-01,171,93,78
LTU,2022-09-01,210,111,99
LTU,2022-10-01,229,124,105
LTU,2022-11-01,287,153,134
LTU,2022-12-01,294,146,148
LTU,2023-01-01,442,218,224
LTU,2023-02-01,736,360,376
LTU,2023-03-01,668,290,378
LTU,2023-04-01,473,220,253
LTU,2023-05-01,302,154,148
LTU,2023-06-01,166,98,68
LTU,2023-07-01,296,139,157
LTU,2023-08-01,272,137,135
LTU,2023-09-01,340,159,181
LTU,2023-10-01,475,246,229
LTU,2023-11-01,703,339,364
LUX,2020-01-01,54,34,20
LUX,2020-02-01,57,33,24
LUX,2020-03-01,33,17,16
LUX,2020-04-01,0,0,0
LUX,2020-05-01,0,0,0
LUX,2020-06-01,0,0,0
LUX,2020-07-01,0,0,0
LUX,2020-08-01,0,0,0
LUX,2020-09-01,1,1,0
LUX,2020-10-01,2,2,0
LUX,2020-11-01,0,0,0
LUX,2020-12-01,0,0,0
LUX,2021-01-01,0,0,0
LUX,2021-02-01,2,1,1
LUX,2021-03-01,0,0,0
LUX,2021-04-01,2,1,1
LUX,2021-05-01,0,0,0
LUX,2021-06-01,0,0,0
LUX,2021-07-01,0,0,0
LUX,2021-08-01,0,0,0
LUX,2021-09-01,1,1,0
LUX,2021-10-01,4,4,0
LUX,2021-11-01,0,0,0
LUX,2021-12-01,1,0,1
LUX,2022-01-01,0,0,0
LUX,2022-02-01,3,2,1
LUX,2022-03-01,1,1,0
LUX,2022-04-01,13,10,3
LUX,2022-05-01,15,14,1
LUX,2022-06-01,19,11,8
LUX,2022-07-01,46,27,19
LUX,2022-08-01,70,37,33
LUX,2022-09-01,44,24,20
LUX,2022-10-01,40,24,16
LUX,2022-11-01,44,21,23
LUX,2022-12-01,50,24,26
LUX,2023-01-01,68,46,22
LUX,2023-02-01,48,33,15
LUX,2023-03-01,71,44,27
LUX,2023-04-01,68,34,34
LUX,2023-05-01,57,36,21
LUX,2023-06-01,42,28,14
LUX,2023-07-01,82,46,36
LUX,2023-08-01,165,96,69
LUX,2023-09-01,41,32,9
LUX,2023-10-01,76,50,26
LUX,2023-11-01,72,53,19
LVA,2020-01-01,437,204,233
LVA,2020-02-01,338,149,189
LVA,2020-03-01,138,69,69
LVA,2020-04-01,0,0,0
LVA,2020-05-01,3,3,0
LVA,2020-06-01,1,1,0
LVA,2020-07-01,7,7,0
LVA,2020-08-01,6,6,0
LVA,2020-09-01,5,5,0
LVA,2020-10-01,4,3,1
LVA,2020-11-01,2,2,0
LVA,2020-12-01,1,1,0
LVA,2021-01-01,1,0,1
LVA,2021-02-01,8,7,1
LVA,2021-03-01,12,11,1
LVA,2021-04-01,2,2,0
LVA,2021-05-01,3,3,0
LVA,2021-06-01,2,2,0
LVA,2021-07-01,0,0,0
LVA,2021-08-01,6,5,1
LVA,2021-09-01,4,2,2
LVA,2021-10-01,1,1,0
LVA,2021-11-01,2,2,0
LVA,2021-12-01,7,5,2
LVA,2022-01-01,4,4,0
LVA,2022-02-01,6,5,1
LVA,2022-03-01,3,2,1
LVA,2022-04-01,32,15,17
LVA,2022-05-01,39,22,17
LVA,2022-06-01,32,14,18
LVA,2022-07-01,46,17,29
LVA,2022-08-01,112,67,45
LVA,2022-09-01,72,40,32
LVA,2022-10-01,212,90,122
LVA,2022-11-01,131,67,64
LVA,2022-12-01,167,90,77
LVA,2023-01-01,286,141,145
LVA,2023-02-01,316,135,181
LVA,2023-03-01,485,214,271
LVA,2023-04-01,224,126,98
LVA,2023-05-01,129,60,69
LVA,2023-06-01,73,44,29
LVA,2023-07-01,126,76,50
LVA,2023-08-01,139,78,61
LVA,2023-09-01,198,117,81
LVA,2023-10-01,218,105,113
LVA,2023-11-01,312,131,181
MAC,2020-01-01,0,0,0
MAC,2020-02-01,0,0,0
MAC,2020-03-01,0,0,0
MAC,2020-04-01,0,0,0
MAC,2020-05-01,0,0,0
MAC,2020-06-01,0,0,0
MAC,2020-07-01,0,0,0
MAC,2020-08-01,0,0,0
MAC,2020-09-01,0,0,0
MAC,2020-10-01,0,0,0
MAC,2020-11-01,0,0,0
MAC,2020-12-01,0,0,0
MAC,2021-01-01,0,0,0
MAC,2021-02-01,0,0,0
MAC,2021-03-01,0,0,0
MAC,2021-04-01,0,0,0
MAC,2021-05-01,0,0,0
MAC,2021-06-01,0,0,0
MAC,2021-07-01,0,0,0
MAC,2021-08-01,0,0,0
MAC,2021-09-01,0,0,0
MAC,2021-10-01,0,0,0
MAC,2021-11-01,0,0,0
MAC,2021-12-01,0,0,0
MAC,2022-01-01,0,0,0
MAC,2022-02-01,0,0,0
MAC,2022-03-01,0,0,0
MAC,2022-04-01,0,0,0
MAC,2022-05-01,1,0,1
MAC,2022-06-01,0,0,0
MAC,2022-07-01,0,0,0
MAC,2022-08-01,0,0,0
MAC,2022-09-01,0,0,0
MAC,2022-10-01,4,0,4
MAC,2022-11-01,2,1,1
MAC,2022-12-01,9,4,5
MAC,2023-01-01,2,1,1
MAC,2023-02-01,3,0,3
MAC,2023-03-01,3,1,2
MAC,2023-04-01,8,5,3
MAC,2023-05-01,8,3,5
MAC,2023-06-01,4,2,2
MAC,2023-07-01,4,3,1
MAC,2023-08-01,12,7,5
MAC,2023-09-01,13,8,5
MAC,2023-10-01,1,1,0
MAC,2023-11-01,0,0,0
MAR,2020-01-01,953,511,442
MAR,2020-02-01,971,532,439
MAR,2020-03-01,376,215,161
MAR,2020-04-01,1,0,1
MAR,2020-05-01,0,0,0
MAR,2020-06-01,5,0,5
MAR,2020-07-01,5,3,2
MAR,2020-08-01,0,0,0
MAR,2020-09-01,5,1,4
MAR,2020-10-01,10,7,3
MAR,2020-11-01,7,3,4
MAR,2020-12-01,4,2,2
MAR,2021-01-01,8,4,4
MAR,2021-02-01,3,1,2
MAR,2021-03-01,11,5,6
MAR,2021-04-01,12,6,6
MAR,2021-05-01,7,5,2
MAR,2021-06-01,6,3,3
MAR,2021-07-01,0,0,0
MAR,2021-08-01,10,5,5
MAR,2021-09-01,16,8,8
MAR,2021-10-01,8,2,6
MAR,2021-11-01,18,9,9
MAR,2021-12-01,22,6,16
MAR,2022-01-01,30,13,17
MAR,2022-02-01,32,7,25
MAR,2022-03-01,37,16,21
MAR,2022-04-01,136,63,73
MAR,2022-05-01,399,180,219
MAR,2022-06-01,349,177,172
MAR,2022-07-01,460,253,207
MAR,2022-08-01,944,451,493
MAR,2022-09-01,714,371,343
MAR,2022-10-01,992,527,465
MAR,2022-11-01,578,340,238
MAR,2022-12-01,482,268,214
MAR,2023-01-01,539,346,193
MAR,2023-02-01,738,425,313
MAR,2023-03-01,632,378,254
MAR,2023-04-01,542,307,235
MAR,2023-05-01,904,487,417
MAR,2023-06-01,652,330,322
MAR,2023-07-01,1297,658,639
MAR,2023-08-01,2895,1279,1616
MAR,2023-09-01,1839,856,983
MAR,2023-10-01,1465,760,705
MAR,2023-11-01,942,527,415
MCO,2020-01-01,3,1,2
MCO,2020-02-01,6,2,4
MCO,2020-03-01,2,1,1
MCO,2020-04-01,0,0,0
MCO,2020-05-01,0,0,0
MCO,2020-06-01,0,0,0
MCO,2020-07-01,0,0,0
MCO,2020-08-01,0,0,0
MCO,2020-09-01,0,0,0
MCO,2020-10-01,0,0,0
MCO,2020-11-01,0,0,0
MCO,2020-12-01,0,0,0
MCO,2021-01-01,0,0,0
MCO,2021-02-01,0,0,0
MCO,2021-03-01,0,0,0
MCO,2021-04-01,0,0,0
MCO,2021-05-01,0,0,0
MCO,2021-06-01,0,0,0
MCO,2021-07-01,0,0,0
MCO,2021-08-01,3,0,3
MCO,2021-09-01,0,0,0
MCO,2021-10-01,0,0,0
MCO,2021-11-01,0,0,0
MCO,2021-12-01,0,0,0
MCO,2022-01-01,0,0,0
MCO,2022-02-01,2,1,1
MCO,2022-03-01,0,0,0
MCO,2022-04-01,0,0,0
MCO,2022-05-01,6,2,4
MCO,2022-06-01,4,3,1
MCO,2022-07-01,3,0,3
MCO,2022-08-01,0,0,0
MCO,2022-09-01,0,0,0
MCO,2022-10-01,2,1,1
MCO,2022-11-01,4,1,3
MCO,2022-12-01,1,1,0
MCO,2023-01-01,0,0,0
MCO,2023-02-01,8,5,3
MCO,2023-03-01,1,1,0
MCO,2023-04-01,3,1,2
MCO,2023-05-01,1,0,1
MCO,2023-06-01,1,0,1
MCO,2023-07-01,3,0,3
MCO,2023-08-01,4,2,2
MCO,2023-09-01,2,1,1
MCO,2023-10-01,1,1,0
MCO,2023-11-01,7,7,0
MDA,2020-01-01,59,24,35
MDA,2020-02-01,47,23,24
MDA,2020-03-01,31,14,17
MDA,2020-04-01,0,0,0
MDA,2020-05-01,0,0,0
MDA,2020-06-01,0,0,0
MDA,2020-07-01,2,2,0
MDA,2020-08-01,0,0,0
MDA,2020-09-01,1,0,1
MDA,2020-10-01,0,0,0
MDA,2020-11-01,0,0,0
MDA,2020-12-01,0,0,0
MDA,2021-01-01,0,0,0
MDA,2021-02-01,1,1,0
MDA,2021-03-01,0,0,0
MDA,2021-04-01,1,0,1
MDA,2021-05-01,0,0,0
MDA,2021-06-01,0,0,0
MDA,2021-07-01,0,0,0
MDA,2021-08-01,0,0,0
MDA,2021-09-01,1,1,0
MDA,2021-10-01,0,0,0
MDA,2021-11-01,0,0,0
MDA,2021-12-01,0,0,0
MDA,2022-01-01,0,0,0
MDA,2022-02-01,1,0,1
MDA,2022-03-01,0,0,0
MDA,2022-04-01,12,3,9
MDA,2022-05-01,12,5,7
MDA,2022-06-01,9,4,5
MDA,2022-07-01,8,4,4
MDA,2022-08-01,24,12,12
MDA,2022-09-01,39,18,21
MDA,2022-10-01,17,14,3
MDA,2022-11-01,46,25,21
MDA,2022-12-01,24,14,10
MDA,2023-01-01,28,14,14
MDA,2023-02-01,48,23,25
MDA,2023-03-01,37,22,15
MDA,2023-04-01,24,13,11
MDA,2023-05-01,43,25,18
MDA,2023-06-01,33,17,16
MDA,2023-07-01,33,21,12
MDA,2023-08-01,44,26,18
MDA,2023-09-01,37,21,16
MDA,2023-10-01,45,25,20
MDA,2023-11-01,34,21,13
MDG,2020-01-01,76,42,34
MDG,2020-02-01,38,19,19
MDG,2020-03-01,28,14,14
MDG,2020-04-01,0,0,0
MDG,2020-05-01,0,0,0
MDG,2020-06-01,0,0,0
MDG,2020-07-01,3,1,2
MDG,2020-08-01,0,0,0
MDG,2020-09-01,0,0,0
MDG,2020-10-01,0,0,0
MDG,2020-11-01,0,0,0
MDG,2020-12-01,0,0,0
MDG,2021-01-01,0,0,0
MDG,2021-02-01,0,0,0
MDG,2021-03-01,0,0,0
MDG,2021-04-01,1,1,0
MDG,2021-05-01,0,0,0
MDG,2021-06-01,0,0,0
MDG,2021-07-01,0,0,0
MDG,2021-08-01,1,1,0
MDG,2021-09-01,0,0,0
MDG,2021-10-01,0,0,0
MDG,2021-11-01,1,0,1
MDG,2021-12-01,0,0,0
MDG,2022-01-01,2,0,2
MDG,2022-02-01,0,0,0
MDG,2022-03-01,1,1,0
MDG,2022-04-01,3,1,2
MDG,2022-05-01,6,3,3
MDG,2022-06-01,15,7,8
MDG,2022-07-01,13,7,6
MDG,2022-08-01,17,7,10
MDG,2022-09-01,16,5,11
MDG,2022-10-01,16,5,11
MDG,2022-11-01,54,15,39
MDG,2022-12-01,36,15,21
MDG,2023-01-01,27,15,12
MDG,2023-02-01,31,12,19
MDG,2023-03-01,104,35,69
MDG,2023-04-01,77,35,42
MDG,2023-05-01,64,28,36
MDG,2023-06-01,70,39,31
MDG,2023-07-01,122,53,69
MDG,2023-08-01,341,128,213
MDG,2023-09-01,113,51,62
MDG,2023-10-01,97,48,49
MDG,2023-11-01,45,22,23
MDV,2020-01-01,2541,1332,1209
MDV,2020-02-01,1372,794,578
MDV,2020-03-01,980,566,414
MDV,2020-04-01,0,0,0
MDV,2020-05-01,0,0,0
MDV,2020-06-01,3,2,1
MDV,2020-07-01,1,0,1
MDV,2020-08-01,54,22,32
MDV,2020-09-01,50,20,30
MDV,2020-10-01,83,30,53
MDV,2020-11-01,16,12,4
MDV,2020-12-01,17,11,6
MDV,2021-01-01,40,19,21
MDV,2021-02-01,54,27,27
MDV,2021-03-01,76,36,40
MDV,2021-04-01,97,42,55
MDV,2021-05-01,103,32,71
MDV,2021-06-01,24,12,12
MDV,2021-07-01,24,8,16
MDV,2021-08-01,57,30,27
MDV,2021-09-01,52,20,32
MDV,2021-10-01,94,32,62
MDV,2021-11-01,100,45,55
MDV,2021-12-01,227,102,125
MDV,2022-01-01,347,158,189
MDV,2022-02-01,253,114,139
MDV,2022-03-01,237,129,108
MDV,2022-04-01,1053,560,493
MDV,2022-05-01,1612,849,763
MDV,2022-06-01,1474,757,717
MDV,2022-07-01,4714,2209,2505
MDV,2022-08-01,1849,950,899
MDV,2022-09-01,1845,1067,778
MDV,2022-10-01,1939,1052,887
MDV,2022-11-01,1875,993,882
MDV,2022-12-01,3031,1482,1549
MDV,2023-01-01,2224,1134,1090
MDV,2023-02-01,1807,980,827
MDV,2023-03-01,1888,1095,793
MDV,2023-04-01,1423,778,645
MDV,2023-05-01,1893,1078,815
MDV,2023-06-01,2534,1287,1247
MDV,2023-07-01,6291,3078,3213
MDV,2023-08-01,2368,1251,1117
MDV,2023-09-01,2831,1531,1300
MDV,2023-10-01,2660,1438,1222
MDV,2023-11-01,2487,1407,1080
MEX,2020-01-01,757,421,336
MEX,2020-02-01,503,261,242
MEX,2020-03-01,273,144,129
MEX,2020-04-01,0,0,0
MEX,2020-05-01,0,0,0
MEX,2020-06-01,1,1,0
MEX,2020-07-01,10,9,1
MEX,2020-08-01,82,16,66
MEX,2020-09-01,4,2,2
MEX,2020-10-01,14,12,2
MEX,2020-11-01,6,4,2
MEX,2020-12-01,1,1,0
MEX,2021-01-01,7,7,0
MEX,2021-02-01,3,2,1
MEX,2021-03-01,3,3,0
MEX,2021-04-01,11,7,4
MEX,2021-05-01,11,8,3
MEX,2021-06-01,10,8,2
MEX,2021-07-01,13,9,4
MEX,2021-08-01,14,10,4
MEX,2021-09-01,12,8,4
MEX,2021-10-01,7,6,1
MEX,2021-11-01,7,5,2
MEX,2021-12-01,22,12,10
MEX,2022-01-01,86,49,37
MEX,2022-02-01,32,19,13
MEX,2022-03-01,24,14,10
MEX,2022-04-01,165,103,62
MEX,2022-05-01,253,154,99
MEX,2022-06-01,270,150,120
MEX,2022-07-01,412,239,173
MEX,2022-08-01,421,236,185
MEX,2022-09-01,553,302,251
MEX,2022-10-01,795,410,385
MEX,2022-11-01,601,319,282
MEX,2022-12-01,482,261,221
MEX,2023-01-01,552,291,261
MEX,2023-02-01,527,285,242
MEX,2023-03-01,672,352,320
MEX,2023-04-01,977,470,507
MEX,2023-05-01,786,415,371
MEX,2023-06-01,505,266,239
MEX,2023-07-01,1151,582,569
MEX,2023-08-01,696,362,334
MEX,2023-09-01,1156,542,614
MEX,2023-10-01,1159,596,563
MEX,2023-11-01,1206,590,616
MHL,2020-01-01,1,1,0
MHL,2020-02-01,4,2,2
MHL,2020-03-01,5,3,2
MHL,2020-04-01,0,0,0
MHL,2020-05-01,0,0,0
MHL,2020-06-01,0,0,0
MHL,2020-07-01,0,0,0
MHL,2020-08-01,0,0,0
MHL,2020-09-01,0,0,0
MHL,2020-10-01,0,0,0
MHL,2020-11-01,0,0,0
MHL,2020-12-01,0,0,0
MHL,2021-01-01,0,0,0
MHL,2021-02-01,0,0,0
MHL,2021-03-01,0,0,0
MHL,2021-04-01,1,1,0
MHL,2021-05-01,0,0,0
MHL,2021-06-01,0,0,0
MHL,2021-07-01,0,0,0
MHL,2021-08-01,0,0,0
MHL,2021-09-01,0,0,0
MHL,2021-10-01,1,1,0
MHL,2021-11-01,0,0,0
MHL,2021-12-01,0,0,0
MHL,2022-01-01,0,0,0
MHL,2022-02-01,0,0,0
MHL,2022-03-01,0,0,0
MHL,2022-04-01,2,2,0
MHL,2022-05-01,0,0,0
MHL,2022-06-01,3,0,3
MHL,2022-07-01,2,2,0
MHL,2022-08-01,2,2,0
MHL,2022-09-01,1,1,0
MHL,2022-10-01,4,3,1
MHL,2022-11-01,4,3,1
MHL,2022-12-01,0,0,0
MHL,2023-01-01,9,5,4
MHL,2023-02-01,2,2,0
MHL,2023-03-01,4,4,0
MHL,2023-04-01,9,8,1
MHL,2023-05-01,5,4,1
MHL,2023-06-01,0,0,0
MHL,2023-07-01,4,4,0
MHL,2023-08-01,7,6,1
MHL,2023-09-01,4,1,3
MHL,2023-10-01,4,2,2
MHL,2023-11-01,4,4,0
MKD,2020-01-01,37,25,12
MKD,2020-02-01,70,44,26
MKD,2020-03-01,17,11,6
MKD,2020-04-01,0,0,0
MKD,2020-05-01,0,0,0
MKD,2020-06-01,1,1,0
MKD,2020-07-01,0,0,0
MKD,2020-08-01,0,0,0
MKD,2020-09-01,0,0,0
MKD,2020-10-01,4,2,2
MKD,2020-11-01,0,0,0
MKD,2020-12-01,0,0,0
MKD,2021-01-01,0,0,0
MKD,2021-02-01,0,0,0
MKD,2021-03-01,1,1,0
MKD,2021-04-01,2,2,0
MKD,2021-05-01,2,2,0
MKD,2021-06-01,0,0,0
MKD,2021-07-01,0,0,0
MKD,2021-08-01,1,0,1
MKD,2021-09-01,0,0,0
MKD,2021-10-01,4,2,2
MKD,2021-11-01,1,0,1
MKD,2021-12-01,0,0,0
MKD,2022-01-01,0,0,0
MKD,2022-02-01,1,1,0
MKD,2022-03-01,1,0,1
MKD,2022-04-01,10,4,6
MKD,2022-05-01,12,4,8
MKD,2022-06-01,15,11,4
MKD,2022-07-01,9,5,4
MKD,2022-08-01,22,16,6
MKD,2022-09-01,40,24,16
MKD,2022-10-01,43,22,21
MKD,2022-11-01,24,18,6
MKD,2022-12-01,28,12,16
MKD,2023-01-01,31,15,16
MKD,2023-02-01,27,16,11
MKD,2023-03-01,61,33,28
MKD,2023-04-01,52,29,23
MKD,2023-05-01,69,34,35
MKD,2023-06-01,28,18,10
MKD,2023-07-01,35,15,20
MKD,2023-08-01,57,29,28
MKD,2023-09-01,49,29,20
MKD,2023-10-01,64,30,34
MKD,2023-11-01,40,28,12
MLI,2020-01-01,11,8,3
MLI,2020-02-01,6,6,0
MLI,2020-03-01,12,10,2
MLI,2020-04-01,0,0,0
MLI,2020-05-01,0,0,0
MLI,2020-06-01,0,0,0
MLI,2020-07-01,0,0,0
MLI,2020-08-01,0,0,0
MLI,2020-09-01,1,1,0
MLI,2020-10-01,1,1,0
MLI,2020-11-01,0,0,0
MLI,2020-12-01,0,0,0
MLI,2021-01-01,1,1,0
MLI,2021-02-01,0,0,0
MLI,2021-03-01,3,3,0
MLI,2021-04-01,6,4,2
MLI,2021-05-01,1,1,0
MLI,2021-06-01,0,0,0
MLI,2021-07-01,0,0,0
MLI,2021-08-01,0,0,0
MLI,2021-09-01,0,0,0
MLI,2021-10-01,3,3,0
MLI,2021-11-01,4,4,0
MLI,2021-12-01,1,0,1
MLI,2022-01-01,1,1,0
MLI,2022-02-01,3,2,1
MLI,2022-03-01,2,1,1
MLI,2022-04-01,2,2,0
MLI,2022-05-01,0,0,0
MLI,2022-06-01,5,4,1
MLI,2022-07-01,4,4,0
MLI,2022-08-01,8,8,0
MLI,2022-09-01,7,5,2
MLI,2022-10-01,10,7,3
MLI,2022-11-01,3,3,0
MLI,2022-12-01,8,8,0
MLI,2023-01-01,18,16,2
MLI,2023-02-01,6,4,2
MLI,2023-03-01,7,6,1
MLI,2023-04-01,6,3,3
MLI,2023-05-01,15,10,5
MLI,2023-06-01,13,9,4
MLI,2023-07-01,20,16,4
MLI,2023-08-01,15,12,3
MLI,2023-09-01,21,16,5
MLI,2023-10-01,14,8,6
MLI,2023-11-01,10,8,2
MLT,2020-01-01,64,43,21
MLT,2020-02-01,54,38,16
MLT,2020-03-01,13,11,2
MLT,2020-04-01,0,0,0
MLT,2020-05-01,0,0,0
MLT,2020-06-01,0,0,0
MLT,2020-07-01,0,0,0
MLT,2020-08-01,4,4,0
MLT,2020-09-01,0,0,0
MLT,2020-10-01,1,1,0
MLT,2020-11-01,0,0,0
MLT,2020-12-01,0,0,0
MLT,2021-01-01,1,1,0
MLT,2021-02-01,1,1,0
MLT,2021-03-01,2,1,1
MLT,2021-04-01,1,1,0
MLT,2021-05-01,2,2,0
MLT,2021-06-01,1,1,0
MLT,2021-07-01,0,0,0
MLT,2021-08-01,0,0,0
MLT,2021-09-01,2,2,0
MLT,2021-10-01,0,0,0
MLT,2021-11-01,1,0,1
MLT,2021-12-01,2,2,0
MLT,2022-01-01,3,3,0
MLT,2022-02-01,2,2,0
MLT,2022-03-01,1,0,1
MLT,2022-04-01,11,8,3
MLT,2022-05-01,30,20,10
MLT,2022-06-01,30,20,10
MLT,2022-07-01,68,36,32
MLT,2022-08-01,63,33,30
MLT,2022-09-01,41,27,14
MLT,2022-10-01,40,27,13
MLT,2022-11-01,83,48,35
MLT,2022-12-01,55,36,19
MLT,2023-01-01,78,42,36
MLT,2023-02-01,56,37,19
MLT,2023-03-01,67,44,23
MLT,2023-04-01,59,36,23
MLT,2023-05-01,42,27,15
MLT,2023-06-01,37,26,11
MLT,2023-07-01,76,42,34
MLT,2023-08-01,112,65,47
MLT,2023-09-01,80,51,29
MLT,2023-10-01,37,28,9
MLT,2023-11-01,95,58,37
MMR,2020-01-01,16744,10408,6336
MMR,2020-02-01,12925,8941,3984
MMR,2020-03-01,6463,4355,2108
MMR,2020-04-01,16,11,5
MMR,2020-05-01,10,6,4
MMR,2020-06-01,37,17,20
MMR,2020-07-01,13,4,9
MMR,2020-08-01,96,86,10
MMR,2020-09-01,125,114,11
MMR,2020-10-01,80,71,9
MMR,2020-11-01,161,143,18
MMR,2020-12-01,139,130,9
MMR,2021-01-01,130,123,7
MMR,2021-02-01,75,66,9
MMR,2021-03-01,132,110,22
MMR,2021-04-01,109,95,14
MMR,2021-05-01,69,59,10
MMR,2021-06-01,80,67,13
MMR,2021-07-01,112,105,7
MMR,2021-08-01,59,55,4
MMR,2021-09-01,161,135,26
MMR,2021-10-01,180,147,33
MMR,2021-11-01,210,195,15
MMR,2021-12-01,341,295,46
MMR,2022-01-01,374,320,54
MMR,2022-02-01,301,235,66
MMR,2022-03-01,450,372,78
MMR,2022-04-01,1201,581,620
MMR,2022-05-01,3092,1493,1599
MMR,2022-06-01,5716,2717,2999
MMR,2022-07-01,7811,4034,3777
MMR,2022-08-01,9446,5152,4294
MMR,2022-09-01,10305,5959,4346
MMR,2022-10-01,10972,6039,4933
MMR,2022-11-01,11937,7322,4615
MMR,2022-12-01,13322,7173,6149
MMR,2023-01-01,11974,6164,5810
MMR,2023-02-01,10494,6215,4279
MMR,2023-03-01,11748,6474,5274
MMR,2023-04-01,11796,6094,5702
MMR,2023-05-01,13511,7889,5622
MMR,2023-06-01,12712,6291,6421
MMR,2023-07-01,13593,7346,6247
MMR,2023-08-01,13982,7398,6584
MMR,2023-09-01,14707,7127,7580
MMR,2023-10-01,13012,6322,6690
MMR,2023-11-01,13288,6377,6911
MNE,2020-01-01,24,19,5
MNE,2020-02-01,28,17,11
MNE,2020-03-01,7,5,2
MNE,2020-04-01,0,0,0
MNE,2020-05-01,0,0,0
MNE,2020-06-01,1,0,1
MNE,2020-07-01,10,10,0
MNE,2020-08-01,1,1,0
MNE,2020-09-01,1,0,1
MNE,2020-10-01,0,0,0
MNE,2020-11-01,1,1,0
MNE,2020-12-01,5,5,0
MNE,2021-01-01,7,7,0
MNE,2021-02-01,8,8,0
MNE,2021-03-01,19,19,0
MNE,2021-04-01,6,6,0
MNE,2021-05-01,3,3,0
MNE,2021-06-01,3,3,0
MNE,2021-07-01,5,4,1
MNE,2021-08-01,5,5,0
MNE,2021-09-01,5,5,0
MNE,2021-10-01,1,1,0
MNE,2021-11-01,6,6,0
MNE,2021-12-01,8,8,0
MNE,2022-01-01,5,5,0
MNE,2022-02-01,9,9,0
MNE,2022-03-01,5,4,1
MNE,2022-04-01,4,3,1
MNE,2022-05-01,8,7,1
MNE,2022-06-01,5,4,1
MNE,2022-07-01,5,4,1
MNE,2022-08-01,7,7,0
MNE,2022-09-01,8,7,1
MNE,2022-10-01,11,9,2
MNE,2022-11-01,11,11,0
MNE,2022-12-01,7,7,0
MNE,2023-01-01,7,5,2
MNE,2023-02-01,9,8,1
MNE,2023-03-01,13,13,0
MNE,2023-04-01,27,15,12
MNE,2023-05-01,13,10,3
MNE,2023-06-01,14,12,2
MNE,2023-07-01,14,13,1
MNE,2023-08-01,21,14,7
MNE,2023-09-01,11,7,4
MNE,2023-10-01,15,15,0
MNE,2023-11-01,19,17,2
MNG,2020-01-01,919,386,533
MNG,2020-02-01,300,115,185
MNG,2020-03-01,151,60,91
MNG,2020-04-01,0,0,0
MNG,2020-05-01,0,0,0
MNG,2020-06-01,0,0,0
MNG,2020-07-01,0,0,0
MNG,2020-08-01,3,0,3
MNG,2020-09-01,0,0,0
MNG,2020-10-01,4,2,2
MNG,2020-11-01,2,0,2
MNG,2020-12-01,0,0,0
MNG,2021-01-01,0,0,0
MNG,2021-02-01,0,0,0
MNG,2021-03-01,0,0,0
MNG,2021-04-01,0,0,0
MNG,2021-05-01,3,0,3
MNG,2021-06-01,1,0,1
MNG,2021-07-01,0,0,0
MNG,2021-08-01,1,0,1
MNG,2021-09-01,2,0,2
MNG,2021-10-01,3,0,3
MNG,2021-11-01,2,1,1
MNG,2021-12-01,7,2,5
MNG,2022-01-01,9,3,6
MNG,2022-02-01,13,7,6
MNG,2022-03-01,14,3,11
MNG,2022-04-01,88,32,56
MNG,2022-05-01,149,67,82
MNG,2022-06-01,188,69,119
MNG,2022-07-01,354,151,203
MNG,2022-08-01,289,113,176
MNG,2022-09-01,358,162,196
MNG,2022-10-01,326,152,174
MNG,2022-11-01,400,188,212
MNG,2022-12-01,680,281,399
MNG,2023-01-01,1218,574,644
MNG,2023-02-01,649,255,394
MNG,2023-03-01,491,193,298
MNG,2023-04-01,421,187,234
MNG,2023-05-01,411,148,263
MNG,2023-06-01,362,150,212
MNG,2023-07-01,530,209,321
MNG,2023-08-01,456,195,261
MNG,2023-09-01,406,165,241
MNG,2023-10-01,496,169,327
MNG,2023-11-01,621,242,379
MNP,2020-01-01,2,2,0
MNP,2020-02-01,0,0,0
MNP,2020-03-01,0,0,0
MNP,2020-04-01,0,0,0
MNP,2020-05-01,0,0,0
MNP,2020-06-01,0,0,0
MNP,2020-07-01,0,0,0
MNP,2020-08-01,0,0,0
MNP,2020-09-01,0,0,0
MNP,2020-10-01,0,0,0
MNP,2020-11-01,0,0,0
MNP,2020-12-01,0,0,0
MNP,2021-01-01,0,0,0
MNP,2021-02-01,0,0,0
MNP,2021-03-01,0,0,0
MNP,2021-04-01,0,0,0
MNP,2021-05-01,0,0,0
MNP,2021-06-01,0,0,0
MNP,2021-07-01,0,0,0
MNP,2021-08-01,0,0,0
MNP,2021-09-01,0,0,0
MNP,2021-10-01,0,0,0
MNP,2021-11-01,0,0,0
MNP,2021-12-01,0,0,0
MNP,2022-01-01,0,0,0
MNP,2022-02-01,0,0,0
MNP,2022-03-01,0,0,0
MNP,2022-04-01,0,0,0
MNP,2022-05-01,0,0,0
MNP,2022-06-01,0,0,0
MNP,2022-07-01,0,0,0
MNP,2022-08-01,0,0,0
MNP,2022-09-01,0,0,0
MNP,2022-10-01,0,0,0
MNP,2022-11-01,0,0,0
MNP,2022-12-01,0,0,0
MNP,2023-01-01,0,0,0
MNP,2023-02-01,0,0,0
MNP,2023-03-01,1,0,1
MNP,2023-04-01,0,0,0
MNP,2023-05-01,0,0,0
MNP,2023-06-01,0,0,0
MNP,2023-07-01,0,0,0
MNP,2023-08-01,0,0,0
MNP,2023-09-01,0,0,0
MNP,2023-10-01,0,0,0
MNP,2023-11-01,0,0,0
MOZ,2020-01-01,88,53,35
MOZ,2020-02-01,18,13,5
MOZ,2020-03-01,7,4,3
MOZ,2020-04-01,0,0,0
MOZ,2020-05-01,0,0,0
MOZ,2020-06-01,0,0,0
MOZ,2020-07-01,0,0,0
MOZ,2020-08-01,0,0,0
MOZ,2020-09-01,1,0,1
MOZ,2020-10-01,1,0,1
MOZ,2020-11-01,0,0,0
MOZ,2020-12-01,3,3,0
MOZ,2021-01-01,2,1,1
MOZ,2021-02-01,3,1,2
MOZ,2021-03-01,10,7,3
MOZ,2021-04-01,4,4,0
MOZ,2021-05-01,8,3,5
MOZ,2021-06-01,6,3,3
MOZ,2021-07-01,0,0,0
MOZ,2021-08-01,8,6,2
MOZ,2021-09-01,3,2,1
MOZ,2021-10-01,7,4,3
MOZ,2021-11-01,0,0,0
MOZ,2021-12-01,0,0,0
MOZ,2022-01-01,14,7,7
MOZ,2022-02-01,6,2,4
MOZ,2022-03-01,12,5,7
MOZ,2022-04-01,9,7,2
MOZ,2022-05-01,10,6,4
MOZ,2022-06-01,42,23,19
MOZ,2022-07-01,7,3,4
MOZ,2022-08-01,17,11,6
MOZ,2022-09-01,25,16,9
MOZ,2022-10-01,26,18,8
MOZ,2022-11-01,14,10,4
MOZ,2022-12-01,22,10,12
MOZ,2023-01-01,46,22,24
MOZ,2023-02-01,13,8,5
MOZ,2023-03-01,14,5,9
MOZ,2023-04-01,18,9,9
MOZ,2023-05-01,71,34,37
MOZ,2023-06-01,17,8,9
MOZ,2023-07-01,25,12,13
MOZ,2023-08-01,32,13,19
MOZ,2023-09-01,27,14,13
MOZ,2023-10-01,14,10,4
MOZ,2023-11-01,19,8,11
MRT,2020-01-01,36,24,12
MRT,2020-02-01,26,25,1
MRT,2020-03-01,8,7,1
MRT,2020-04-01,1,1,0
MRT,2020-05-01,0,0,0
MRT,2020-06-01,0,0,0
MRT,2020-07-01,0,0,0
MRT,2020-08-01,0,0,0
MRT,2020-09-01,1,1,0
MRT,2020-10-01,0,0,0
MRT,2020-11-01,0,0,0
MRT,2020-12-01,0,0,0
MRT,2021-01-01,5,4,1
MRT,2021-02-01,4,4,0
MRT,2021-03-01,2,2,0
MRT,2021-04-01,2,1,1
MRT,2021-05-01,3,3,0
MRT,2021-06-01,0,0,0
MRT,2021-07-01,1,1,0
MRT,2021-08-01,0,0,0
MRT,2021-09-01,5,4,1
MRT,2021-10-01,3,2,1
MRT,2021-11-01,9,8,1
MRT,2021-12-01,8,7,1
MRT,2022-01-01,18,15,3
MRT,2022-02-01,7,5,2
MRT,2022-03-01,2,2,0
MRT,2022-04-01,9,9,0
MRT,2022-05-01,17,14,3
MRT,2022-06-01,9,7,2
MRT,2022-07-01,18,16,2
MRT,2022-08-01,26,18,8
MRT,2022-09-01,17,11,6
MRT,2022-10-01,52,48,4
MRT,2022-11-01,26,24,2
MRT,2022-12-01,15,11,4
MRT,2023-01-01,18,12,6
MRT,2023-02-01,14,11,3
MRT,2023-03-01,23,21,2
MRT,2023-04-01,11,8,3
MRT,2023-05-01,14,13,1
MRT,2023-06-01,11,11,0
MRT,2023-07-01,22,17,5
MRT,2023-08-01,30,24,6
MRT,2023-09-01,35,31,4
MRT,2023-10-01,27,23,4
MRT,2023-11-01,25,19,6
MUS,2020-01-01,1576,786,790
MUS,2020-02-01,609,314,295
MUS,2020-03-01,227,153,74
MUS,2020-04-01,0,0,0
MUS,2020-05-01,0,0,0
MUS,2020-06-01,0,0,0
MUS,2020-07-01,1,1,0
MUS,2020-08-01,1,0,1
MUS,2020-09-01,4,2,2
MUS,2020-10-01,11,5,6
MUS,2020-11-01,6,4,2
MUS,2020-12-01,5,0,5
MUS,2021-01-01,8,5,3
MUS,2021-02-01,7,1,6
MUS,2021-03-01,27,7,20
MUS,2021-04-01,8,4,4
MUS,2021-05-01,13,4,9
MUS,2021-06-01,7,3,4
MUS,2021-07-01,5,4,1
MUS,2021-08-01,6,1,5
MUS,2021-09-01,7,4,3
MUS,2021-10-01,11,6,5
MUS,2021-11-01,16,9,7
MUS,2021-12-01,31,15,16
MUS,2022-01-01,47,16,31
MUS,2022-02-01,44,20,24
MUS,2022-03-01,43,25,18
MUS,2022-04-01,94,49,45
MUS,2022-05-01,173,94,79
MUS,2022-06-01,200,102,98
MUS,2022-07-01,314,159,155
MUS,2022-08-01,335,171,164
MUS,2022-09-01,366,179,187
MUS,2022-10-01,350,229,121
MUS,2022-11-01,2238,1126,1112
MUS,2022-12-01,2280,1087,1193
MUS,2023-01-01,1421,733,688
MUS,2023-02-01,1178,591,587
MUS,2023-03-01,1984,1033,951
MUS,2023-04-01,1964,1003,961
MUS,2023-05-01,1489,837,652
MUS,2023-06-01,1085,556,529
MUS,2023-07-01,1527,790,737
MUS,2023-08-01,1736,882,854
MUS,2023-09-01,1946,1036,910
MUS,2023-10-01,1875,991,884
MUS,2023-11-01,2976,1389,1587
MWI,2020-01-01,37,15,22
MWI,2020-02-01,22,16,6
MWI,2020-03-01,6,5,1
MWI,2020-04-01,0,0,0
MWI,2020-05-01,0,0,0
MWI,2020-06-01,0,0,0
MWI,2020-07-01,0,0,0
MWI,2020-08-01,0,0,0
MWI,2020-09-01,0,0,0
MWI,2020-10-01,0,0,0
MWI,2020-11-01,1,1,0
MWI,2020-12-01,1,1,0
MWI,2021-01-01,0,0,0
MWI,2021-02-01,0,0,0
MWI,2021-03-01,8,4,4
MWI,2021-04-01,7,5,2
MWI,2021-05-01,5,1,4
MWI,2021-06-01,1,0,1
MWI,2021-07-01,1,1,0
MWI,2021-08-01,4,3,1
MWI,2021-09-01,0,0,0
MWI,2021-10-01,1,0,1
MWI,2021-11-01,4,2,2
MWI,2021-12-01,0,0,0
MWI,2022-01-01,7,3,4
MWI,2022-02-01,3,2,1
MWI,2022-03-01,7,4,3
MWI,2022-04-01,4,3,1
MWI,2022-05-01,7,4,3
MWI,2022-06-01,18,8,10
MWI,2022-07-01,12,9,3
MWI,2022-08-01,29,16,13
MWI,2022-09-01,17,10,7
MWI,2022-10-01,9,6,3
MWI,2022-11-01,40,19,21
MWI,2022-12-01,21,9,12
MWI,2023-01-01,19,12,7
MWI,2023-02-01,17,9,8
MWI,2023-03-01,24,11,13
MWI,2023-04-01,13,7,6
MWI,2023-05-01,18,11,7
MWI,2023-06-01,12,7,5
MWI,2023-07-01,15,7,8
MWI,2023-08-01,25,8,17
MWI,2023-09-01,22,13,9
MWI,2023-10-01,22,13,9
MWI,2023-11-01,32,20,12
MYT,2020-01-01,1,0,1
MYT,2020-02-01,0,0,0
MYT,2020-03-01,0,0,0
MYT,2020-04-01,0,0,0
MYT,2020-05-01,0,0,0
MYT,2020-06-01,0,0,0
MYT,2020-07-01,0,0,0
MYT,2020-08-01,0,0,0
MYT,2020-09-01,0,0,0
MYT,2020-10-01,0,0,0
MYT,2020-11-01,0,0,0
MYT,2020-12-01,0,0,0
MYT,2021-01-01,0,0,0
MYT,2021-02-01,0,0,0
MYT,2021-03-01,0,0,0
MYT,2021-04-01,0,0,0
MYT,2021-05-01,0,0,0
MYT,2021-06-01,0,0,0
MYT,2021-07-01,0,0,0
MYT,2021-08-01,0,0,0
MYT,2021-09-01,0,0,0
MYT,2021-10-01,0,0,0
MYT,2021-11-01,0,0,0
MYT,2021-12-01,0,0,0
MYT,2022-01-01,0,0,0
MYT,2022-02-01,0,0,0
MYT,2022-03-01,0,0,0
MYT,2022-04-01,0,0,0
MYT,2022-05-01,0,0,0
MYT,2022-06-01,0,0,0
MYT,2022-07-01,0,0,0
MYT,2022-08-01,0,0,0
MYT,2022-09-01,0,0,0
MYT,2022-10-01,0,0,0
MYT,2022-11-01,0,0,0
MYT,2022-12-01,0,0,0
MYT,2023-01-01,0,0,0
MYT,2023-02-01,0,0,0
MYT,2023-03-01,0,0,0
MYT,2023-04-01,0,0,0
MYT,2023-05-01,0,0,0
MYT,2023-06-01,0,0,0
MYT,2023-07-01,0,0,0
MYT,2023-08-01,0,0,0
MYT,2023-09-01,0,0,0
MYT,2023-10-01,0,0,0
MYT,2023-11-01,1,0,1
NAM,2020-01-01,28,8,20
NAM,2020-02-01,21,10,11
NAM,2020-03-01,10,4,6
NAM,2020-04-01,0,0,0
NAM,2020-05-01,0,0,0
NAM,2020-06-01,0,0,0
NAM,2020-07-01,0,0,0
NAM,2020-08-01,0,0,0
NAM,2020-09-01,0,0,0
NAM,2020-10-01,1,1,0
NAM,2020-11-01,0,0,0
NAM,2020-12-01,2,2,0
NAM,2021-01-01,0,0,0
NAM,2021-02-01,5,3,2
NAM,2021-03-01,2,0,2
NAM,2021-04-01,4,3,1
NAM,2021-05-01,2,2,0
NAM,2021-06-01,2,1,1
NAM,2021-07-01,0,0,0
NAM,2021-08-01,0,0,0
NAM,2021-09-01,3,1,2
NAM,2021-10-01,0,0,0
NAM,2021-11-01,0,0,0
NAM,2021-12-01,1,1,0
NAM,2022-01-01,1,1,0
NAM,2022-02-01,2,1,1
NAM,2022-03-01,1,1,0
NAM,2022-04-01,8,4,4
NAM,2022-05-01,8,3,5
NAM,2022-06-01,6,2,4
NAM,2022-07-01,6,1,5
NAM,2022-08-01,20,11,9
NAM,2022-09-01,13,5,8
NAM,2022-10-01,20,6,14
NAM,2022-11-01,14,5,9
NAM,2022-12-01,17,6,11
NAM,2023-01-01,12,4,8
NAM,2023-02-01,19,10,9
NAM,2023-03-01,15,7,8
NAM,2023-04-01,21,7,14
NAM,2023-05-01,24,6,18
NAM,2023-06-01,38,22,16
NAM,2023-07-01,40,24,16
NAM,2023-08-01,23,16,7
NAM,2023-09-01,28,11,17
NAM,2023-10-01,35,23,12
NAM,2023-11-01,41,16,25
NCL,2020-01-01,0,0,0
NCL,2020-02-01,0,0,0
NCL,2020-03-01,0,0,0
NCL,2020-04-01,0,0,0
NCL,2020-05-01,0,0,0
NCL,2020-06-01,0,0,0
NCL,2020-07-01,0,0,0
NCL,2020-08-01,0,0,0
NCL,2020-09-01,0,0,0
NCL,2020-10-01,0,0,0
NCL,2020-11-01,0,0,0
NCL,2020-12-01,0,0,0
NCL,2021-01-01,0,0,0
NCL,2021-02-01,0,0,0
NCL,2021-03-01,0,0,0
NCL,2021-04-01,0,0,0
NCL,2021-05-01,0,0,0
NCL,2021-06-01,0,0,0
NCL,2021-07-01,0,0,0
NCL,2021-08-01,0,0,0
NCL,2021-09-01,0,0,0
NCL,2021-10-01,0,0,0
NCL,2021-11-01,0,0,0
NCL,2021-12-01,0,0,0
NCL,2022-01-01,0,0,0
NCL,2022-02-01,0,0,0
NCL,2022-03-01,0,0,0
NCL,2022-04-01,0,0,0
NCL,2022-05-01,0,0,0
NCL,2022-06-01,0,0,0
NCL,2022-07-01,0,0,0
NCL,2022-08-01,1,1,0
NCL,2022-09-01,0,0,0
NCL,2022-10-01,0,0,0
NCL,2022-11-01,0,0,0
NCL,2022-12-01,0,0,0
NCL,2023-01-01,0,0,0
NCL,2023-02-01,0,0,0
NCL,2023-03-01,0,0,0
NCL,2023-04-01,0,0,0
NCL,2023-05-01,0,0,0
NCL,2023-06-01,0,0,0
NCL,2023-07-01,0,0,0
NCL,2023-08-01,0,0,0
NCL,2023-09-01,0,0,0
NCL,2023-10-01,0,0,0
NCL,2023-11-01,0,0,0
NER,2020-01-01,7,6,1
NER,2020-02-01,5,3,2
NER,2020-03-01,0,0,0
NER,2020-04-01,0,0,0
NER,2020-05-01,0,0,0
NER,2020-06-01,0,0,0
NER,2020-07-01,0,0,0
NER,2020-08-01,0,0,0
NER,2020-09-01,0,0,0
NER,2020-10-01,0,0,0
NER,2020-11-01,0,0,0
NER,2020-12-01,0,0,0
NER,2021-01-01,0,0,0
NER,2021-02-01,0,0,0
NER,2021-03-01,0,0,0
NER,2021-04-01,0,0,0
NER,2021-05-01,0,0,0
NER,2021-06-01,0,0,0
NER,2021-07-01,0,0,0
NER,2021-08-01,0,0,0
NER,2021-09-01,1,1,0
NER,2021-10-01,0,0,0
NER,2021-11-01,1,1,0
NER,2021-12-01,0,0,0
NER,2022-01-01,0,0,0
NER,2022-02-01,1,0,1
NER,2022-03-01,0,0,0
NER,2022-04-01,3,3,0
NER,2022-05-01,2,2,0
NER,2022-06-01,6,2,4
NER,2022-07-01,2,0,2
NER,2022-08-01,1,1,0
NER,2022-09-01,4,3,1
NER,2022-10-01,1,1,0
NER,2022-11-01,0,0,0
NER,2022-12-01,3,1,2
NER,2023-01-01,0,0,0
NER,2023-02-01,1,0,1
NER,2023-03-01,1,1,0
NER,2023-04-01,6,4,2
NER,2023-05-01,6,5,1
NER,2023-06-01,3,2,1
NER,2023-07-01,4,2,2
NER,2023-08-01,5,2,3
NER,2023-09-01,5,5,0
NER,2023-10-01,3,2,1
NER,2023-11-01,1,0,1
NGA,2020-01-01,838,661,177
NGA,2020-02-01,804,695,109
NGA,2020-03-01,294,247,47
NGA,2020-04-01,2,2,0
NGA,2020-05-01,1,1,0
NGA,2020-06-01,4,4,0
NGA,2020-07-01,19,15,4
NGA,2020-08-01,10,3,7
NGA,2020-09-01,36,33,3
NGA,2020-10-01,24,18,6
NGA,2020-11-01,64,55,9
NGA,2020-12-01,36,30,6
NGA,2021-01-01,39,36,3
NGA,2021-02-01,62,52,10
NGA,2021-03-01,139,129,10
NGA,2021-04-01,164,155,9
NGA,2021-05-01,132,111,21
NGA,2021-06-01,93,81,12
NGA,2021-07-01,65,58,7
NGA,2021-08-01,89,81,8
NGA,2021-09-01,94,86,8
NGA,2021-10-01,120,96,24
NGA,2021-11-01,97,90,7
NGA,2021-12-01,173,147,26
NGA,2022-01-01,202,157,45
NGA,2022-02-01,244,209,35
NGA,2022-03-01,291,235,56
NGA,2022-04-01,263,202,61
NGA,2022-05-01,302,265,37
NGA,2022-06-01,337,269,68
NGA,2022-07-01,288,209,79
NGA,2022-08-01,348,277,71
NGA,2022-09-01,352,282,70
NGA,2022-10-01,389,309,80
NGA,2022-11-01,513,419,94
NGA,2022-12-01,291,217,74
NGA,2023-01-01,364,293,71
NGA,2023-02-01,406,320,86
NGA,2023-03-01,497,395,102
NGA,2023-04-01,377,295,82
NGA,2023-05-01,560,437,123
NGA,2023-06-01,384,303,81
NGA,2023-07-01,363,282,81
NGA,2023-08-01,543,407,136
NGA,2023-09-01,517,393,124
NGA,2023-10-01,500,370,130
NGA,2023-11-01,529,405,124
NIC,2020-01-01,12,5,7
NIC,2020-02-01,10,7,3
NIC,2020-03-01,3,2,1
NIC,2020-04-01,0,0,0
NIC,2020-05-01,0,0,0
NIC,2020-06-01,0,0,0
NIC,2020-07-01,0,0,0
NIC,2020-08-01,0,0,0
NIC,2020-09-01,0,0,0
NIC,2020-10-01,2,1,1
NIC,2020-11-01,0,0,0
NIC,2020-12-01,0,0,0
NIC,2021-01-01,0,0,0
NIC,2021-02-01,0,0,0
NIC,2021-03-01,0,0,0
NIC,2021-04-01,5,5,0
NIC,2021-05-01,0,0,0
NIC,2021-06-01,0,0,0
NIC,2021-07-01,3,1,2
NIC,2021-08-01,0,0,0
NIC,2021-09-01,0,0,0
NIC,2021-10-01,0,0,0
NIC,2021-11-01,0,0,0
NIC,2021-12-01,0,0,0
NIC,2022-01-01,1,1,0
NIC,2022-02-01,0,0,0
NIC,2022-03-01,2,2,0
NIC,2022-04-01,5,1,4
NIC,2022-05-01,5,3,2
NIC,2022-06-01,2,2,0
NIC,2022-07-01,6,3,3
NIC,2022-08-01,7,4,3
NIC,2022-09-01,8,2,6
NIC,2022-10-01,9,4,5
NIC,2022-11-01,11,4,7
NIC,2022-12-01,6,3,3
NIC,2023-01-01,10,1,9
NIC,2023-02-01,9,7,2
NIC,2023-03-01,2,1,1
NIC,2023-04-01,3,2,1
NIC,2023-05-01,3,1,2
NIC,2023-06-01,7,5,2
NIC,2023-07-01,10,4,6
NIC,2023-08-01,10,2,8
NIC,2023-09-01,10,8,2
NIC,2023-10-01,2,2,0
NIC,2023-11-01,7,4,3
NLD,2020-01-01,7151,4417,2734
NLD,2020-02-01,6343,3823,2520
NLD,2020-03-01,3195,1958,1237
NLD,2020-04-01,32,15,17
NLD,2020-05-01,16,12,4
NLD,2020-06-01,15,12,3
NLD,2020-07-01,63,49,14
NLD,2020-08-01,47,38,9
NLD,2020-09-01,49,41,8
NLD,2020-10-01,56,45,11
NLD,2020-11-01,53,46,7
NLD,2020-12-01,25,22,3
NLD,2021-01-01,58,46,12
NLD,2021-02-01,30,22,8
NLD,2021-03-01,46,35,11
NLD,2021-04-01,65,54,11
NLD,2021-05-01,40,33,7
NLD,2021-06-01,26,22,4
NLD,2021-07-01,57,38,19
NLD,2021-08-01,91,61,30
NLD,2021-09-01,93,59,34
NLD,2021-10-01,94,73,21
NLD,2021-11-01,95,70,25
NLD,2021-12-01,170,132,38
NLD,2022-01-01,276,194,82
NLD,2022-02-01,209,162,47
NLD,2022-03-01,264,205,59
NLD,2022-04-01,1595,1082,513
NLD,2022-05-01,2273,1540,733
NLD,2022-06-01,2612,1761,851
NLD,2022-07-01,6198,3463,2735
NLD,2022-08-01,5950,3492,2458
NLD,2022-09-01,4447,2714,1733
NLD,2022-10-01,4656,2894,1762
NLD,2022-11-01,4451,2774,1677
NLD,2022-12-01,4063,2517,1546
NLD,2023-01-01,5451,3229,2222
NLD,2023-02-01,5180,3145,2035
NLD,2023-03-01,5826,3505,2321
NLD,2023-04-01,6074,3497,2577
NLD,2023-05-01,5844,3463,2381
NLD,2023-06-01,4182,2589,1593
NLD,2023-07-01,12619,6771,5848
NLD,2023-08-01,9949,5602,4347
NLD,2023-09-01,6556,3842,2714
NLD,2023-10-01,5997,3583,2414
NLD,2023-11-01,5982,3687,2295
NOR,2020-01-01,1753,1038,715
NOR,2020-02-01,1748,1000,748
NOR,2020-03-01,591,326,265
NOR,2020-04-01,0,0,0
NOR,2020-05-01,2,2,0
NOR,2020-06-01,5,5,0
NOR,2020-07-01,15,12,3
NOR,2020-08-01,23,20,3
NOR,2020-09-01,8,6,2
NOR,2020-10-01,8,7,1
NOR,2020-11-01,13,12,1
NOR,2020-12-01,6,5,1
NOR,2021-01-01,24,21,3
NOR,2021-02-01,10,10,0
NOR,2021-03-01,14,13,1
NOR,2021-04-01,13,11,2
NOR,2021-05-01,15,14,1
NOR,2021-06-01,8,8,0
NOR,2021-07-01,13,9,4
NOR,2021-08-01,24,20,4
NOR,2021-09-01,21,17,4
NOR,2021-10-01,14,10,4
NOR,2021-11-01,28,24,4
NOR,2021-12-01,56,41,15
NOR,2022-01-01,67,46,21
NOR,2022-02-01,28,23,5
NOR,2022-03-01,55,46,9
NOR,2022-04-01,384,228,156
NOR,2022-05-01,379,260,119
NOR,2022-06-01,557,338,219
NOR,2022-07-01,964,566,398
NOR,2022-08-01,595,404,191
NOR,2022-09-01,541,358,183
NOR,2022-10-01,795,521,274
NOR,2022-11-01,728,488,240
NOR,2022-12-01,800,502,298
NOR,2023-01-01,1053,642,411
NOR,2023-02-01,1041,605,436
NOR,2023-03-01,1141,677,464
NOR,2023-04-01,905,545,360
NOR,2023-05-01,646,426,220
NOR,2023-06-01,778,473,305
NOR,2023-07-01,1656,884,772
NOR,2023-08-01,691,418,273
NOR,2023-09-01,793,513,280
NOR,2023-10-01,946,606,340
NOR,2023-11-01,1078,674,404
NPL,2020-01-01,14217,13116,1101
NPL,2020-02-01,12625,12026,599
NPL,2020-03-01,6274,5929,345
NPL,2020-04-01,0,0,0
NPL,2020-05-01,0,0,0
NPL,2020-06-01,4,4,0
NPL,2020-07-01,8,8,0
NPL,2020-08-01,7,5,2
NPL,2020-09-01,22,20,2
NPL,2020-10-01,49,43,6
NPL,2020-11-01,163,159,4
NPL,2020-12-01,189,185,4
NPL,2021-01-01,75,73,2
NPL,2021-02-01,34,30,4
NPL,2021-03-01,49,46,3
NPL,2021-04-01,182,178,4
NPL,2021-05-01,74,73,1
NPL,2021-06-01,1,1,0
NPL,2021-07-01,1,1,0
NPL,2021-08-01,0,0,0
NPL,2021-09-01,2,1,1
NPL,2021-10-01,16,12,4
NPL,2021-11-01,98,87,11
NPL,2021-12-01,600,571,29
NPL,2022-01-01,654,622,32
NPL,2022-02-01,598,573,25
NPL,2022-03-01,833,812,21
NPL,2022-04-01,2656,2482,174
NPL,2022-05-01,5890,5439,451
NPL,2022-06-01,12321,11595,726
NPL,2022-07-01,19220,18398,822
NPL,2022-08-01,28572,27686,886
NPL,2022-09-01,34027,32534,1493
NPL,2022-10-01,18490,17460,1030
NPL,2022-11-01,29944,28552,1392
NPL,2022-12-01,26692,25767,925
NPL,2023-01-01,18412,17376,1036
NPL,2023-02-01,18148,17323,825
NPL,2023-03-01,19198,18451,747
NPL,2023-04-01,14818,14005,813
NPL,2023-05-01,16263,15391,872
NPL,2023-06-01,13359,12485,874
NPL,2023-07-01,13025,12218,807
NPL,2023-08-01,11605,10788,817
NPL,2023-09-01,10622,9771,851
NPL,2023-10-01,8307,7304,1003
NPL,2023-11-01,9548,8582,966
NRU,2020-01-01,1,1,0
NRU,2020-02-01,2,2,0
NRU,2020-03-01,0,0,0
NRU,2020-04-01,0,0,0
NRU,2020-05-01,0,0,0
NRU,2020-06-01,0,0,0
NRU,2020-07-01,0,0,0
NRU,2020-08-01,0,0,0
NRU,2020-09-01,0,0,0
NRU,2020-10-01,0,0,0
NRU,2020-11-01,0,0,0
NRU,2020-12-01,0,0,0
NRU,2021-01-01,0,0,0
NRU,2021-02-01,0,0,0
NRU,2021-03-01,0,0,0
NRU,2021-04-01,0,0,0
NRU,2021-05-01,0,0,0
NRU,2021-06-01,0,0,0
NRU,2021-07-01,0,0,0
NRU,2021-08-01,0,0,0
NRU,2021-09-01,0,0,0
NRU,2021-10-01,0,0,0
NRU,2021-11-01,0,0,0
NRU,2021-12-01,0,0,0
NRU,2022-01-01,0,0,0
NRU,2022-02-01,0,0,0
NRU,2022-03-01,0,0,0
NRU,2022-04-01,0,0,0
NRU,2022-05-01,0,0,0
NRU,2022-06-01,0,0,0
NRU,2022-07-01,1,0,1
NRU,2022-08-01,0,0,0
NRU,2022-09-01,0,0,0
NRU,2022-10-01,2,2,0
NRU,2022-11-01,5,4,1
NRU,2022-12-01,1,1,0
NRU,2023-01-01,1,1,0
NRU,2023-02-01,0,0,0
NRU,2023-03-01,0,0,0
NRU,2023-04-01,3,3,0
NRU,2023-05-01,3,2,1
NRU,2023-06-01,0,0,0
NRU,2023-07-01,2,0,2
NRU,2023-08-01,49,31,18
NRU,2023-09-01,10,4,6
NRU,2023-10-01,0,0,0
NRU,2023-11-01,8,6,2
NZL,2020-01-01,6194,3526,2668
NZL,2020-02-01,3043,1918,1125
NZL,2020-03-01,1311,819,492
NZL,2020-04-01,2,1,1
NZL,2020-05-01,7,6,1
NZL,2020-06-01,12,8,4
NZL,2020-07-01,33,20,13
NZL,2020-08-01,117,107,10
NZL,2020-09-01,23,19,4
NZL,2020-10-01,29,22,7
NZL,2020-11-01,23,20,3
NZL,2020-12-01,22,17,5
NZL,2021-01-01,28,17,11
NZL,2021-02-01,15,13,2
NZL,2021-03-01,11,11,0
NZL,2021-04-01,26,17,9
NZL,2021-05-01,8,7,1
NZL,2021-06-01,20,11,9
NZL,2021-07-01,25,19,6
NZL,2021-08-01,21,10,11
NZL,2021-09-01,13,10,3
NZL,2021-10-01,19,15,4
NZL,2021-11-01,22,15,7
NZL,2021-12-01,97,67,30
NZL,2022-01-01,156,97,59
NZL,2022-02-01,79,52,27
NZL,2022-03-01,112,76,36
NZL,2022-04-01,769,490,279
NZL,2022-05-01,1129,728,401
NZL,2022-06-01,1565,1022,543
NZL,2022-07-01,2347,1411,936
NZL,2022-08-01,2229,1413,816
NZL,2022-09-01,2610,1650,960
NZL,2022-10-01,3087,1879,1208
NZL,2022-11-01,3188,1882,1306
NZL,2022-12-01,4647,2588,2059
NZL,2023-01-01,4555,2641,1914
NZL,2023-02-01,2938,1759,1179
NZL,2023-03-01,3205,1929,1276
NZL,2023-04-01,4334,2488,1846
NZL,2023-05-01,3572,2148,1424
NZL,2023-06-01,3541,2075,1466
NZL,2023-07-01,5621,3173,2448
NZL,2023-08-01,3965,2398,1567
NZL,2023-09-01,5167,3016,2151
NZL,2023-10-01,4867,2865,2002
NZL,2023-11-01,4735,2812,1923
OMN,2020-01-01,2339,1322,1017
OMN,2020-02-01,790,511,279
OMN,2020-03-01,187,133,54
OMN,2020-04-01,0,0,0
OMN,2020-05-01,0,0,0
OMN,2020-06-01,0,0,0
OMN,2020-07-01,1,1,0
OMN,2020-08-01,9,5,4
OMN,2020-09-01,21,15,6
OMN,2020-10-01,9,7,2
OMN,2020-11-01,16,12,4
OMN,2020-12-01,5,0,5
OMN,2021-01-01,6,3,3
OMN,2021-02-01,3,3,0
OMN,2021-03-01,34,26,8
OMN,2021-04-01,10,6,4
OMN,2021-05-01,9,8,1
OMN,2021-06-01,0,0,0
OMN,2021-07-01,9,8,1
OMN,2021-08-01,18,15,3
OMN,2021-09-01,15,11,4
OMN,2021-10-01,29,14,15
OMN,2021-11-01,16,11,5
OMN,2021-12-01,38,28,10
OMN,2022-01-01,82,57,25
OMN,2022-02-01,62,45,17
OMN,2022-03-01,74,62,12
OMN,2022-04-01,149,88,61
OMN,2022-05-01,501,322,179
OMN,2022-06-01,926,533,393
OMN,2022-07-01,1429,736,693
OMN,2022-08-01,1265,695,570
OMN,2022-09-01,633,395,238
OMN,2022-10-01,925,706,219
OMN,2022-11-01,655,431,224
OMN,2022-12-01,581,358,223
OMN,2023-01-01,846,493,353
OMN,2023-02-01,770,456,314
OMN,2023-03-01,476,309,167
OMN,2023-04-01,323,209,114
OMN,2023-05-01,859,534,325
OMN,2023-06-01,1399,750,649
OMN,2023-07-01,5061,2617,2444
OMN,2023-08-01,3420,1712,1708
OMN,2023-09-01,1514,937,577
OMN,2023-10-01,1181,779,402
OMN,2023-11-01,1674,1083,591
PAK,2020-01-01,14274,11587,2687
PAK,2020-02-01,14732,12758,1974
PAK,2020-03-01,6594,5868,726
PAK,2020-04-01,31,29,2
PAK,2020-05-01,35,31,4
PAK,2020-06-01,128,111,17
PAK,2020-07-01,288,234,54
PAK,2020-08-01,176,151,25
PAK,2020-09-01,81,64,17
PAK,2020-10-01,78,47,31
PAK,2020-11-01,74,70,4
PAK,2020-12-01,118,102,16
PAK,2021-01-01,189,164,25
PAK,2021-02-01,237,207,30
PAK,2021-03-01,347,285,62
PAK,2021-04-01,312,246,66
PAK,2021-05-01,59,42,17
PAK,2021-06-01,17,11,6
PAK,2021-07-01,6,5,1
PAK,2021-08-01,31,24,7
PAK,2021-09-01,23,14,9
PAK,2021-10-01,205,158,47
PAK,2021-11-01,943,873,70
PAK,2021-12-01,2814,2521,293
PAK,2022-01-01,3099,2675,424
PAK,2022-02-01,3098,2783,315
PAK,2022-03-01,3138,2816,322
PAK,2022-04-01,3803,3251,552
PAK,2022-05-01,5921,4836,1085
PAK,2022-06-01,7844,6346,1498
PAK,2022-07-01,9273,7306,1967
PAK,2022-08-01,9723,8050,1673
PAK,2022-09-01,10134,8807,1327
PAK,2022-10-01,10522,9285,1237
PAK,2022-11-01,10231,8847,1384
PAK,2022-12-01,11474,9735,1739
PAK,2023-01-01,12561,10907,1654
PAK,2023-02-01,13972,12611,1361
PAK,2023-03-01,15389,13938,1451
PAK,2023-04-01,14095,12952,1143
PAK,2023-05-01,14913,13529,1384
PAK,2023-06-01,12357,10340,2017
PAK,2023-07-01,12427,9630,2797
PAK,2023-08-01,14469,12054,2415
PAK,2023-09-01,13280,11418,1862
PAK,2023-10-01,12029,10154,1875
PAK,2023-11-01,10056,8278,1778
PAN,2020-01-01,72,38,34
PAN,2020-02-01,39,17,22
PAN,2020-03-01,9,4,5
PAN,2020-04-01,0,0,0
PAN,2020-05-01,0,0,0
PAN,2020-06-01,0,0,0
PAN,2020-07-01,1,1,0
PAN,2020-08-01,0,0,0
PAN,2020-09-01,0,0,0
PAN,2020-10-01,0,0,0
PAN,2020-11-01,0,0,0
PAN,2020-12-01,0,0,0
PAN,2021-01-01,3,1,2
PAN,2021-02-01,2,2,0
PAN,2021-03-01,0,0,0
PAN,2021-04-01,1,1,0
PAN,2021-05-01,1,1,0
PAN,2021-06-01,0,0,0
PAN,2021-07-01,5,4,1
PAN,2021-08-01,2,1,1
PAN,2021-09-01,4,4,0
PAN,2021-10-01,1,0,1
PAN,2021-11-01,1,1,0
PAN,2021-12-01,1,0,1
PAN,2022-01-01,1,1,0
PAN,2022-02-01,0,0,0
PAN,2022-03-01,1,1,0
PAN,2022-04-01,6,4,2
PAN,2022-05-01,8,6,2
PAN,2022-06-01,6,1,5
PAN,2022-07-01,8,3,5
PAN,2022-08-01,12,6,6
PAN,2022-09-01,22,9,13
PAN,2022-10-01,27,15,12
PAN,2022-11-01,25,10,15
PAN,2022-12-01,22,11,11
PAN,2023-01-01,40,13,27
PAN,2023-02-01,47,20,27
PAN,2023-03-01,28,14,14
PAN,2023-04-01,28,10,18
PAN,2023-05-01,18,11,7
PAN,2023-06-01,7,4,3
PAN,2023-07-01,55,27,28
PAN,2023-08-01,38,23,15
PAN,2023-09-01,39,18,21
PAN,2023-10-01,48,26,22
PAN,2023-11-01,49,23,26
PER,2020-01-01,222,113,109
PER,2020-02-01,196,99,97
PER,2020-03-01,64,34,30
PER,2020-04-01,0,0,0
PER,2020-05-01,0,0,0
PER,2020-06-01,0,0,0
PER,2020-07-01,3,3,0
PER,2020-08-01,5,2,3
PER,2020-09-01,2,2,0
PER,2020-10-01,2,2,0
PER,2020-11-01,1,1,0
PER,2020-12-01,13,8,5
PER,2021-01-01,1,1,0
PER,2021-02-01,0,0,0
PER,2021-03-01,0,0,0
PER,2021-04-01,2,1,1
PER,2021-05-01,1,1,0
PER,2021-06-01,0,0,0
PER,2021-07-01,1,1,0
PER,2021-08-01,4,2,2
PER,2021-09-01,0,0,0
PER,2021-10-01,3,3,0
PER,2021-11-01,3,3,0
PER,2021-12-01,7,2,5
PER,2022-01-01,8,5,3
PER,2022-02-01,3,1,2
PER,2022-03-01,5,4,1
PER,2022-04-01,47,29,18
PER,2022-05-01,63,35,28
PER,2022-06-01,51,29,22
PER,2022-07-01,87,45,42
PER,2022-08-01,145,82,63
PER,2022-09-01,116,66,50
PER,2022-10-01,120,61,59
PER,2022-11-01,122,61,61
PER,2022-12-01,122,63,59
PER,2023-01-01,142,77,65
PER,2023-02-01,130,71,59
PER,2023-03-01,118,75,43
PER,2023-04-01,158,76,82
PER,2023-05-01,168,81,87
PER,2023-06-01,124,63,61
PER,2023-07-01,196,106,90
PER,2023-08-01,181,96,85
PER,2023-09-01,191,97,94
PER,2023-10-01,450,197,253
PER,2023-11-01,189,97,92
PHL,2020-01-01,46450,16646,29804
PHL,2020-02-01,32078,12783,19295
PHL,2020-03-01,15760,6339,9421
PHL,2020-04-01,16,12,4
PHL,2020-05-01,27,18,9
PHL,2020-06-01,82,56,26
PHL,2020-07-01,429,361,68
PHL,2020-08-01,428,381,47
PHL,2020-09-01,505,448,57
PHL,2020-10-01,455,420,35
PHL,2020-11-01,374,337,37
PHL,2020-12-01,407,352,55
PHL,2021-01-01,558,474,84
PHL,2021-02-01,546,465,81
PHL,2021-03-01,634,531,103
PHL,2021-04-01,855,743,112
PHL,2021-05-01,912,780,132
PHL,2021-06-01,401,333,68
PHL,2021-07-01,690,559,131
PHL,2021-08-01,417,338,79
PHL,2021-09-01,497,435,62
PHL,2021-10-01,453,340,113
PHL,2021-11-01,704,572,132
PHL,2021-12-01,1173,698,475
PHL,2022-01-01,1484,810,674
PHL,2022-02-01,1594,980,614
PHL,2022-03-01,1878,1175,703
PHL,2022-04-01,7218,2686,4532
PHL,2022-05-01,14072,5017,9055
PHL,2022-06-01,18461,6531,11930
PHL,2022-07-01,26108,9367,16741
PHL,2022-08-01,25917,9331,16586
PHL,2022-09-01,27263,9492,17771
PHL,2022-10-01,34846,12843,22003
PHL,2022-11-01,35766,12688,23078
PHL,2022-12-01,39756,13860,25896
PHL,2023-01-01,36488,12183,24305
PHL,2023-02-01,31449,11852,19597
PHL,2023-03-01,37428,13348,24080
PHL,2023-04-01,38235,14021,24214
PHL,2023-05-01,38745,14135,24610
PHL,2023-06-01,36813,12933,23880
PHL,2023-07-01,53172,19262,33910
PHL,2023-08-01,47966,17581,30385
PHL,2023-09-01,44893,15803,29090
PHL,2023-10-01,43907,15883,28024
PHL,2023-11-01,46338,16630,29708
PLW,2020-01-01,0,0,0
PLW,2020-02-01,0,0,0
PLW,2020-03-01,0,0,0
PLW,2020-04-01,0,0,0
PLW,2020-05-01,0,0,0
PLW,2020-06-01,0,0,0
PLW,2020-07-01,0,0,0
PLW,2020-08-01,0,0,0
PLW,2020-09-01,0,0,0
PLW,2020-10-01,0,0,0
PLW,2020-11-01,0,0,0
PLW,2020-12-01,0,0,0
PLW,2021-01-01,0,0,0
PLW,2021-02-01,0,0,0
PLW,2021-03-01,0,0,0
PLW,2021-04-01,0,0,0
PLW,2021-05-01,0,0,0
PLW,2021-06-01,0,0,0
PLW,2021-07-01,0,0,0
PLW,2021-08-01,0,0,0
PLW,2021-09-01,0,0,0
PLW,2021-10-01,0,0,0
PLW,2021-11-01,0,0,0
PLW,2021-12-01,0,0,0
PLW,2022-01-01,0,0,0
PLW,2022-02-01,0,0,0
PLW,2022-03-01,0,0,0
PLW,2022-04-01,0,0,0
PLW,2022-05-01,2,1,1
PLW,2022-06-01,0,0,0
PLW,2022-07-01,1,1,0
PLW,2022-08-01,1,1,0
PLW,2022-09-01,4,4,0
PLW,2022-10-01,3,2,1
PLW,2022-11-01,1,1,0
PLW,2022-12-01,3,3,0
PLW,2023-01-01,0,0,0
PLW,2023-02-01,4,1,3
PLW,2023-03-01,1,1,0
PLW,2023-04-01,0,0,0
PLW,2023-05-01,0,0,0
PLW,2023-06-01,6,5,1
PLW,2023-07-01,3,1,2
PLW,2023-08-01,1,1,0
PLW,2023-09-01,2,1,1
PLW,2023-10-01,1,1,0
PLW,2023-11-01,6,3,3
PNG,2020-01-01,109,60,49
PNG,2020-02-01,67,39,28
PNG,2020-03-01,23,16,7
PNG,2020-04-01,0,0,0
PNG,2020-05-01,0,0,0
PNG,2020-06-01,0,0,0
PNG,2020-07-01,0,0,0
PNG,2020-08-01,0,0,0
PNG,2020-09-01,0,0,0
PNG,2020-10-01,0,0,0
PNG,2020-11-01,0,0,0
PNG,2020-12-01,1,1,0
PNG,2021-01-01,2,2,0
PNG,2021-02-01,0,0,0
PNG,2021-03-01,0,0,0
PNG,2021-04-01,1,0,1
PNG,2021-05-01,1,1,0
PNG,2021-06-01,3,2,1
PNG,2021-07-01,0,0,0
PNG,2021-08-01,0,0,0
PNG,2021-09-01,0,0,0
PNG,2021-10-01,0,0,0
PNG,2021-11-01,2,0,2
PNG,2021-12-01,3,1,2
PNG,2022-01-01,0,0,0
PNG,2022-02-01,2,1,1
PNG,2022-03-01,3,3,0
PNG,2022-04-01,12,9,3
PNG,2022-05-01,40,29,11
PNG,2022-06-01,60,31,29
PNG,2022-07-01,58,39,19
PNG,2022-08-01,52,28,24
PNG,2022-09-01,50,21,29
PNG,2022-10-01,61,38,23
PNG,2022-11-01,58,32,26
PNG,2022-12-01,54,27,27
PNG,2023-01-01,77,39,38
PNG,2023-02-01,67,42,25
PNG,2023-03-01,105,57,48
PNG,2023-04-01,45,28,17
PNG,2023-05-01,68,40,28
PNG,2023-06-01,135,94,41
PNG,2023-07-01,101,65,36
PNG,2023-08-01,44,21,23
PNG,2023-09-01,97,68,29
PNG,2023-10-01,122,78,44
PNG,2023-11-01,203,127,76
POL,2020-01-01,3763,1889,1874
POL,2020-02-01,3334,1772,1562
POL,2020-03-01,1150,622,528
POL,2020-04-01,0,0,0
POL,2020-05-01,12,12,0
POL,2020-06-01,5,5,0
POL,2020-07-01,19,16,3
POL,2020-08-01,23,18,5
POL,2020-09-01,23,20,3
POL,2020-10-01,26,24,2
POL,2020-11-01,19,18,1
POL,2020-12-01,12,11,1
POL,2021-01-01,29,26,3
POL,2021-02-01,33,31,2
POL,2021-03-01,29,25,4
POL,2021-04-01,30,30,0
POL,2021-05-01,38,32,6
POL,2021-06-01,14,11,3
POL,2021-07-01,25,21,4
POL,2021-08-01,37,32,5
POL,2021-09-01,37,26,11
POL,2021-10-01,20,17,3
POL,2021-11-01,36,35,1
POL,2021-12-01,30,21,9
POL,2022-01-01,74,51,23
POL,2022-02-01,62,53,9
POL,2022-03-01,70,50,20
POL,2022-04-01,320,198,122
POL,2022-05-01,509,325,184
POL,2022-06-01,630,358,272
POL,2022-07-01,944,479,465
POL,2022-08-01,1311,668,643
POL,2022-09-01,1222,678,544
POL,2022-10-01,1425,812,613
POL,2022-11-01,1909,1024,885
POL,2022-12-01,1170,631,539
POL,2023-01-01,2195,1170,1025
POL,2023-02-01,2573,1329,1244
POL,2023-03-01,2369,1237,1132
POL,2023-04-01,1652,880,772
POL,2023-05-01,1417,797,620
POL,2023-06-01,1106,601,505
POL,2023-07-01,2062,1069,993
POL,2023-08-01,1894,932,962
POL,2023-09-01,1872,986,886
POL,2023-10-01,1905,981,924
POL,2023-11-01,2645,1411,1234
PRK,2020-01-01,3,3,0
PRK,2020-02-01,5,4,1
PRK,2020-03-01,0,0,0
PRK,2020-04-01,0,0,0
PRK,2020-05-01,0,0,0
PRK,2020-06-01,0,0,0
PRK,2020-07-01,0,0,0
PRK,2020-08-01,0,0,0
PRK,2020-09-01,0,0,0
PRK,2020-10-01,0,0,0
PRK,2020-11-01,0,0,0
PRK,2020-12-01,0,0,0
PRK,2021-01-01,0,0,0
PRK,2021-02-01,0,0,0
PRK,2021-03-01,1,1,0
PRK,2021-04-01,0,0,0
PRK,2021-05-01,0,0,0
PRK,2021-06-01,0,0,0
PRK,2021-07-01,0,0,0
PRK,2021-08-01,0,0,0
PRK,2021-09-01,0,0,0
PRK,2021-10-01,0,0,0
PRK,2021-11-01,0,0,0
PRK,2021-12-01,0,0,0
PRK,2022-01-01,0,0,0
PRK,2022-02-01,0,0,0
PRK,2022-03-01,0,0,0
PRK,2022-04-01,0,0,0
PRK,2022-05-01,0,0,0
PRK,2022-06-01,0,0,0
PRK,2022-07-01,0,0,0
PRK,2022-08-01,0,0,0
PRK,2022-09-01,0,0,0
PRK,2022-10-01,0,0,0
PRK,2022-11-01,0,0,0
PRK,2022-12-01,0,0,0
PRK,2023-01-01,0,0,0
PRK,2023-02-01,0,0,0
PRK,2023-03-01,0,0,0
PRK,2023-04-01,0,0,0
PRK,2023-05-01,0,0,0
PRK,2023-06-01,0,0,0
PRK,2023-07-01,0,0,0
PRK,2023-08-01,0,0,0
PRK,2023-09-01,0,0,0
PRK,2023-10-01,0,0,0
PRK,2023-11-01,0,0,0
PRT,2020-01-01,1077,572,505
PRT,2020-02-01,758,428,330
PRT,2020-03-01,347,207,140
PRT,2020-04-01,0,0,0
PRT,2020-05-01,1,1,0
PRT,2020-06-01,1,1,0
PRT,2020-07-01,2,2,0
PRT,2020-08-01,6,4,2
PRT,2020-09-01,10,6,4
PRT,2020-10-01,16,10,6
PRT,2020-11-01,9,6,3
PRT,2020-12-01,1,0,1
PRT,2021-01-01,13,7,6
PRT,2021-02-01,11,5,6
PRT,2021-03-01,6,2,4
PRT,2021-04-01,7,4,3
PRT,2021-05-01,8,5,3
PRT,2021-06-01,7,4,3
PRT,2021-07-01,9,5,4
PRT,2021-08-01,18,5,13
PRT,2021-09-01,10,6,4
PRT,2021-10-01,14,8,6
PRT,2021-11-01,16,12,4
PRT,2021-12-01,32,21,11
PRT,2022-01-01,41,27,14
PRT,2022-02-01,35,25,10
PRT,2022-03-01,42,27,15
PRT,2022-04-01,291,183,108
PRT,2022-05-01,374,248,126
PRT,2022-06-01,560,350,210
PRT,2022-07-01,714,383,331
PRT,2022-08-01,974,548,426
PRT,2022-09-01,588,353,235
PRT,2022-10-01,782,471,311
PRT,2022-11-01,760,464,296
PRT,2022-12-01,651,365,286
PRT,2023-01-01,654,376,278
PRT,2023-02-01,803,458,345
PRT,2023-03-01,889,512,377
PRT,2023-04-01,1088,581,507
PRT,2023-05-01,914,539,375
PRT,2023-06-01,639,383,256
PRT,2023-07-01,1032,599,433
PRT,2023-08-01,1526,812,714
PRT,2023-09-01,1088,619,469
PRT,2023-10-01,1062,617,445
PRT,2023-11-01,1233,731,502
PRY,2020-01-01,10,3,7
PRY,2020-02-01,14,7,7
PRY,2020-03-01,11,3,8
PRY,2020-04-01,0,0,0
PRY,2020-05-01,0,0,0
PRY,2020-06-01,0,0,0
PRY,2020-07-01,0,0,0
PRY,2020-08-01,0,0,0
PRY,2020-09-01,0,0,0
PRY,2020-10-01,0,0,0
PRY,2020-11-01,0,0,0
PRY,2020-12-01,0,0,0
PRY,2021-01-01,0,0,0
PRY,2021-02-01,0,0,0
PRY,2021-03-01,0,0,0
PRY,2021-04-01,0,0,0
PRY,2021-05-01,0,0,0
PRY,2021-06-01,0,0,0
PRY,2021-07-01,0,0,0
PRY,2021-08-01,0,0,0
PRY,2021-09-01,0,0,0
PRY,2021-10-01,0,0,0
PRY,2021-11-01,0,0,0
PRY,2021-12-01,0,0,0
PRY,2022-01-01,0,0,0
PRY,2022-02-01,0,0,0
PRY,2022-03-01,1,0,1
PRY,2022-04-01,4,1,3
PRY,2022-05-01,5,2,3
PRY,2022-06-01,3,3,0
PRY,2022-07-01,9,6,3
PRY,2022-08-01,10,2,8
PRY,2022-09-01,11,7,4
PRY,2022-10-01,12,8,4
PRY,2022-11-01,6,4,2
PRY,2022-12-01,12,10,2
PRY,2023-01-01,28,18,10
PRY,2023-02-01,18,12,6
PRY,2023-03-01,14,5,9
PRY,2023-04-01,14,9,5
PRY,2023-05-01,16,7,9
PRY,2023-06-01,11,5,6
PRY,2023-07-01,17,8,9
PRY,2023-08-01,19,15,4
PRY,2023-09-01,32,17,15
PRY,2023-10-01,13,7,6
PRY,2023-11-01,15,9,6
PSE,2020-01-01,547,394,153
PSE,2020-02-01,432,347,85
PSE,2020-03-01,201,168,33
PSE,2020-04-01,0,0,0
PSE,2020-05-01,2,1,1
PSE,2020-06-01,1,1,0
PSE,2020-07-01,0,0,0
PSE,2020-08-01,6,6,0
PSE,2020-09-01,9,8,1
PSE,2020-10-01,10,8,2
PSE,2020-11-01,3,1,2
PSE,2020-12-01,4,3,1
PSE,2021-01-01,9,8,1
PSE,2021-02-01,8,7,1
PSE,2021-03-01,20,17,3
PSE,2021-04-01,15,14,1
PSE,2021-05-01,18,15,3
PSE,2021-06-01,9,9,0
PSE,2021-07-01,2,2,0
PSE,2021-08-01,14,9,5
PSE,2021-09-01,24,19,5
PSE,2021-10-01,37,35,2
PSE,2021-11-01,34,24,10
PSE,2021-12-01,61,49,12
PSE,2022-01-01,56,40,16
PSE,2022-02-01,53,43,10
PSE,2022-03-01,76,55,21
PSE,2022-04-01,146,115,31
PSE,2022-05-01,270,183,87
PSE,2022-06-01,230,140,90
PSE,2022-07-01,233,148,85
PSE,2022-08-01,291,187,104
PSE,2022-09-01,309,216,93
PSE,2022-10-01,308,217,91
PSE,2022-11-01,268,184,84
PSE,2022-12-01,219,146,73
PSE,2023-01-01,274,189,85
PSE,2023-02-01,250,180,70
PSE,2023-03-01,276,230,46
PSE,2023-04-01,208,158,50
PSE,2023-05-01,296,235,61
PSE,2023-06-01,442,290,152
PSE,2023-07-01,508,317,191
PSE,2023-08-01,569,355,214
PSE,2023-09-01,528,370,158
PSE,2023-10-01,399,268,131
PSE,2023-11-01,286,210,76
QAT,2020-01-01,139,97,42
QAT,2020-02-01,79,57,22
QAT,2020-03-01,7,7,0
QAT,2020-04-01,0,0,0
QAT,2020-05-01,0,0,0
QAT,2020-06-01,0,0,0
QAT,2020-07-01,0,0,0
QAT,2020-08-01,1,1,0
QAT,2020-09-01,0,0,0
QAT,2020-10-01,0,0,0
QAT,2020-11-01,2,2,0
QAT,2020-12-01,2,2,0
QAT,2021-01-01,5,2,3
QAT,2021-02-01,1,0,1
QAT,2021-03-01,8,6,2
QAT,2021-04-01,8,4,4
QAT,2021-05-01,3,3,0
QAT,2021-06-01,0,0,0
QAT,2021-07-01,0,0,0
QAT,2021-08-01,19,12,7
QAT,2021-09-01,2,1,1
QAT,2021-10-01,2,2,0
QAT,2021-11-01,1,1,0
QAT,2021-12-01,1,1,0
QAT,2022-01-01,6,5,1
QAT,2022-02-01,7,1,6
QAT,2022-03-01,14,14,0
QAT,2022-04-01,21,13,8
QAT,2022-05-01,96,57,39
QAT,2022-06-01,268,171,97
QAT,2022-07-01,516,245,271
QAT,2022-08-01,164,106,58
QAT,2022-09-01,41,29,12
QAT,2022-10-01,85,67,18
QAT,2022-11-01,92,54,38
QAT,2022-12-01,66,36,30
QAT,2023-01-01,72,47,25
QAT,2023-02-01,129,84,45
QAT,2023-03-01,95,55,40
QAT,2023-04-01,143,96,47
QAT,2023-05-01,123,83,40
QAT,2023-06-01,342,195,147
QAT,2023-07-01,842,435,407
QAT,2023-08-01,421,227,194
QAT,2023-09-01,124,94,30
QAT,2023-10-01,146,92,54
QAT,2023-11-01,102,70,32
REU,2020-01-01,0,0,0
REU,2020-02-01,0,0,0
REU,2020-03-01,0,0,0
REU,2020-04-01,0,0,0
REU,2020-05-01,0,0,0
REU,2020-06-01,0,0,0
REU,2020-07-01,0,0,0
REU,2020-08-01,0,0,0
REU,2020-09-01,0,0,0
REU,2020-10-01,0,0,0
REU,2020-11-01,0,0,0
REU,2020-12-01,0,0,0
REU,2021-01-01,0,0,0
REU,2021-02-01,0,0,0
REU,2021-03-01,0,0,0
REU,2021-04-01,0,0,0
REU,2021-05-01,0,0,0
REU,2021-06-01,0,0,0
REU,2021-07-01,0,0,0
REU,2021-08-01,0,0,0
REU,2021-09-01,0,0,0
REU,2021-10-01,0,0,0
REU,2021-11-01,0,0,0
REU,2021-12-01,0,0,0
REU,2022-01-01,0,0,0
REU,2022-02-01,0,0,0
REU,2022-03-01,0,0,0
REU,2022-04-01,0,0,0
REU,2022-05-01,0,0,0
REU,2022-06-01,0,0,0
REU,2022-07-01,0,0,0
REU,2022-08-01,0,0,0
REU,2022-09-01,0,0,0
REU,2022-10-01,0,0,0
REU,2022-11-01,0,0,0
REU,2022-12-01,0,0,0
REU,2023-01-01,0,0,0
REU,2023-02-01,0,0,0
REU,2023-03-01,0,0,0
REU,2023-04-01,0,0,0
REU,2023-05-01,0,0,0
REU,2023-06-01,1,1,0
REU,2023-07-01,0,0,0
REU,2023-08-01,0,0,0
REU,2023-09-01,1,0,1
REU,2023-10-01,0,0,0
REU,2023-11-01,0,0,0
ROU,2020-01-01,1597,813,784
ROU,2020-02-01,903,496,407
ROU,2020-03-01,499,259,240
ROU,2020-04-01,3,1,2
ROU,2020-05-01,2,2,0
ROU,2020-06-01,11,10,1
ROU,2020-07-01,30,26,4
ROU,2020-08-01,17,15,2
ROU,2020-09-01,15,14,1
ROU,2020-10-01,18,14,4
ROU,2020-11-01,15,15,0
ROU,2020-12-01,10,8,2
ROU,2021-01-01,23,21,2
ROU,2021-02-01,60,47,13
ROU,2021-03-01,28,24,4
ROU,2021-04-01,22,19,3
ROU,2021-05-01,36,30,6
ROU,2021-06-01,17,16,1
ROU,2021-07-01,13,9,4
ROU,2021-08-01,26,20,6
ROU,2021-09-01,33,27,6
ROU,2021-10-01,22,13,9
ROU,2021-11-01,23,20,3
ROU,2021-12-01,31,25,6
ROU,2022-01-01,54,36,18
ROU,2022-02-01,42,32,10
ROU,2022-03-01,36,29,7
ROU,2022-04-01,161,92,69
ROU,2022-05-01,257,150,107
ROU,2022-06-01,297,178,119
ROU,2022-07-01,427,245,182
ROU,2022-08-01,495,251,244
ROU,2022-09-01,491,286,205
ROU,2022-10-01,714,378,336
ROU,2022-11-01,678,364,314
ROU,2022-12-01,783,418,365
ROU,2023-01-01,1029,555,474
ROU,2023-02-01,841,450,391
ROU,2023-03-01,902,486,416
ROU,2023-04-01,881,465,416
ROU,2023-05-01,580,319,261
ROU,2023-06-01,467,261,206
ROU,2023-07-01,739,358,381
ROU,2023-08-01,843,420,423
ROU,2023-09-01,731,411,320
ROU,2023-10-01,842,447,395
ROU,2023-11-01,960,521,439
RUS,2020-01-01,14201,6710,7491
RUS,2020-02-01,12780,5969,6811
RUS,2020-03-01,6192,2788,3404
RUS,2020-04-01,2,1,1
RUS,2020-05-01,6,4,2
RUS,2020-06-01,17,16,1
RUS,2020-07-01,187,179,8
RUS,2020-08-01,112,94,18
RUS,2020-09-01,54,44,10
RUS,2020-10-01,34,25,9
RUS,2020-11-01,54,48,6
RUS,2020-12-01,35,31,4
RUS,2021-01-01,51,44,7
RUS,2021-02-01,83,72,11
RUS,2021-03-01,58,45,13
RUS,2021-04-01,109,92,17
RUS,2021-05-01,67,58,9
RUS,2021-06-01,77,67,10
RUS,2021-07-01,69,52,17
RUS,2021-08-01,91,69,22
RUS,2021-09-01,100,63,37
RUS,2021-10-01,56,33,23
RUS,2021-11-01,73,48,25
RUS,2021-12-01,121,84,37
RUS,2022-01-01,127,64,63
RUS,2022-02-01,112,74,38
RUS,2022-03-01,227,144,83
RUS,2022-04-01,819,458,361
RUS,2022-05-01,1389,753,636
RUS,2022-06-01,1442,789,653
RUS,2022-07-01,2070,1061,1009
RUS,2022-08-01,2717,1362,1355
RUS,2022-09-01,3347,1724,1623
RUS,2022-10-01,6117,3422,2695
RUS,2022-11-01,9472,5426,4046
RUS,2022-12-01,12891,6955,5936
RUS,2023-01-01,16741,8650,8091
RUS,2023-02-01,15976,8305,7671
RUS,2023-03-01,16247,8297,7950
RUS,2023-04-01,13098,6689,6409
RUS,2023-05-01,10521,5575,4946
RUS,2023-06-01,5604,2941,2663
RUS,2023-07-01,9345,4753,4592
RUS,2023-08-01,8268,4218,4050
RUS,2023-09-01,7898,4061,3837
RUS,2023-10-01,8427,4298,4129
RUS,2023-11-01,10460,5217,5243
RWA,2020-01-01,13,5,8
RWA,2020-02-01,4,3,1
RWA,2020-03-01,2,1,1
RWA,2020-04-01,0,0,0
RWA,2020-05-01,0,0,0
RWA,2020-06-01,0,0,0
RWA,2020-07-01,0,0,0
RWA,2020-08-01,0,0,0
RWA,2020-09-01,0,0,0
RWA,2020-10-01,0,0,0
RWA,2020-11-01,0,0,0
RWA,2020-12-01,0,0,0
RWA,2021-01-01,0,0,0
RWA,2021-02-01,0,0,0
RWA,2021-03-01,0,0,0
RWA,2021-04-01,4,3,1
RWA,2021-05-01,2,1,1
RWA,2021-06-01,0,0,0
RWA,2021-07-01,1,0,1
RWA,2021-08-01,2,1,1
RWA,2021-09-01,1,0,1
RWA,2021-10-01,1,1,0
RWA,2021-11-01,2,0,2
RWA,2021-12-01,2,1,1
RWA,2022-01-01,4,1,3
RWA,2022-02-01,0,0,0
RWA,2022-03-01,4,3,1
RWA,2022-04-01,5,3,2
RWA,2022-05-01,7,1,6
RWA,2022-06-01,2,2,0
RWA,2022-07-01,2,2,0
RWA,2022-08-01,2,2,0
RWA,2022-09-01,3,1,2
RWA,2022-10-01,13,9,4
RWA,2022-11-01,11,5,6
RWA,2022-12-01,6,2,4
RWA,2023-01-01,10,4,6
RWA,2023-02-01,7,2,5
RWA,2023-03-01,9,7,2
RWA,2023-04-01,5,3,2
RWA,2023-05-01,10,6,4
RWA,2023-06-01,30,23,7
RWA,2023-07-01,16,9,7
RWA,2023-08-01,20,12,8
RWA,2023-09-01,11,7,4
RWA,2023-10-01,12,6,6
RWA,2023-11-01,10,6,4
SAU,2020-01-01,19601,9957,9644
SAU,2020-02-01,3769,2291,1478
SAU,2020-03-01,1010,619,391
SAU,2020-04-01,0,0,0
SAU,2020-05-01,0,0,0
SAU,2020-06-01,6,3,3
SAU,2020-07-01,12,6,6
SAU,2020-08-01,9,5,4
SAU,2020-09-01,40,26,14
SAU,2020-10-01,105,63,42
SAU,2020-11-01,28,16,12
SAU,2020-12-01,14,6,8
SAU,2021-01-01,52,28,24
SAU,2021-02-01,39,23,16
SAU,2021-03-01,81,46,35
SAU,2021-04-01,64,36,28
SAU,2021-05-01,61,46,15
SAU,2021-06-01,47,33,14
SAU,2021-07-01,51,27,24
SAU,2021-08-01,123,75,48
SAU,2021-09-01,141,85,56
SAU,2021-10-01,139,91,48
SAU,2021-11-01,137,82,55
SAU,2021-12-01,212,133,79
SAU,2022-01-01,244,160,84
SAU,2022-02-01,142,89,53
SAU,2022-03-01,318,212,106
SAU,2022-04-01,848,477,371
SAU,2022-05-01,4123,2330,1793
SAU,2022-06-01,4372,2420,1952
SAU,2022-07-01,9578,4808,4770
SAU,2022-08-01,7221,3739,3482
SAU,2022-09-01,2625,1567,1058
SAU,2022-10-01,2872,1770,1102
SAU,2022-11-01,4024,2224,1800
SAU,2022-12-01,2429,1385,1044
SAU,2023-01-01,2475,1441,1034
SAU,2023-02-01,2319,1437,882
SAU,2023-03-01,2491,1390,1101
SAU,2023-04-01,2347,1331,1016
SAU,2023-05-01,3567,2146,1421
SAU,2023-06-01,5885,3204,2681
SAU,2023-07-01,11399,6043,5356
SAU,2023-08-01,8055,4231,3824
SAU,2023-09-01,3585,2234,1351
SAU,2023-10-01,3977,2404,1573
SAU,2023-11-01,7249,3960,3289
SDN,2020-01-01,1519,891,628
SDN,2020-02-01,1099,729,370
SDN,2020-03-01,375,235,140
SDN,2020-04-01,0,0,0
SDN,2020-05-01,0,0,0
SDN,2020-06-01,0,0,0
SDN,2020-07-01,2,2,0
SDN,2020-08-01,13,11,2
SDN,2020-09-01,26,20,6
SDN,2020-10-01,28,21,7
SDN,2020-11-01,5,4,1
SDN,2020-12-01,7,6,1
SDN,2021-01-01,23,21,2
SDN,2021-02-01,32,17,15
SDN,2021-03-01,59,40,19
SDN,2021-04-01,67,40,27
SDN,2021-05-01,47,36,11
SDN,2021-06-01,30,23,7
SDN,2021-07-01,23,17,6
SDN,2021-08-01,33,22,11
SDN,2021-09-01,36,28,8
SDN,2021-10-01,93,61,32
SDN,2021-11-01,103,77,26
SDN,2021-12-01,146,95,51
SDN,2022-01-01,143,104,39
SDN,2022-02-01,184,134,50
SDN,2022-03-01,219,133,86
SDN,2022-04-01,299,204,95
SDN,2022-05-01,668,408,260
SDN,2022-06-01,634,356,278
SDN,2022-07-01,914,464,450
SDN,2022-08-01,1014,556,458
SDN,2022-09-01,874,529,345
SDN,2022-10-01,815,490,325
SDN,2022-11-01,801,481,320
SDN,2022-12-01,850,475,375
SDN,2023-01-01,1111,629,482
SDN,2023-02-01,937,544,393
SDN,2023-03-01,948,582,366
SDN,2023-04-01,467,267,200
SDN,2023-05-01,445,281,164
SDN,2023-06-01,867,486,381
SDN,2023-07-01,1238,658,580
SDN,2023-08-01,1480,794,686
SDN,2023-09-01,1066,594,472
SDN,2023-10-01,1244,752,492
SDN,2023-11-01,1533,848,685
SEN,2020-01-01,71,54,17
SEN,2020-02-01,64,48,16
SEN,2020-03-01,25,23,2
SEN,2020-04-01,0,0,0
SEN,2020-05-01,0,0,0
SEN,2020-06-01,0,0,0
SEN,2020-07-01,2,1,1
SEN,2020-08-01,5,3,2
SEN,2020-09-01,5,3,2
SEN,2020-10-01,1,0,1
SEN,2020-11-01,2,1,1
SEN,2020-12-01,1,0,1
SEN,2021-01-01,2,1,1
SEN,2021-02-01,4,4,0
SEN,2021-03-01,3,2,1
SEN,2021-04-01,2,2,0
SEN,2021-05-01,2,1,1
SEN,2021-06-01,3,1,2
SEN,2021-07-01,9,4,5
SEN,2021-08-01,15,11,4
SEN,2021-09-01,0,0,0
SEN,2021-10-01,3,1,2
SEN,2021-11-01,3,0,3
SEN,2021-12-01,4,2,2
SEN,2022-01-01,2,2,0
SEN,2022-02-01,3,3,0
SEN,2022-03-01,11,7,4
SEN,2022-04-01,6,2,4
SEN,2022-05-01,37,26,11
SEN,2022-06-01,18,14,4
SEN,2022-07-01,17,15,2
SEN,2022-08-01,28,18,10
SEN,2022-09-01,28,18,10
SEN,2022-10-01,44,32,12
SEN,2022-11-01,20,14,6
SEN,2022-12-01,15,10,5
SEN,2023-01-01,24,17,7
SEN,2023-02-01,30,15,15
SEN,2023-03-01,51,37,14
SEN,2023-04-01,80,65,15
SEN,2023-05-01,94,70,24
SEN,2023-06-01,47,38,9
SEN,2023-07-01,65,43,22
SEN,2023-08-01,145,80,65
SEN,2023-09-01,156,124,32
SEN,2023-10-01,55,42,13
SEN,2023-11-01,96,79,17
SGP,2020-01-01,1265034,733237,531797
SGP,2020-02-01,920277,577036,343241
SGP,2020-03-01,588391,363236,225155
SGP,2020-04-01,97,75,22
SGP,2020-05-01,80,63,17
SGP,2020-06-01,150,119,31
SGP,2020-07-01,350,240,110
SGP,2020-08-01,514,417,97
SGP,2020-09-01,881,735,146
SGP,2020-10-01,861,721,140
SGP,2020-11-01,740,592,148
SGP,2020-12-01,446,335,111
SGP,2021-01-01,439,328,111
SGP,2021-02-01,391,303,88
SGP,2021-03-01,493,394,99
SGP,2021-04-01,442,343,99
SGP,2021-05-01,273,221,52
SGP,2021-06-01,167,123,44
SGP,2021-07-01,195,136,59
SGP,2021-08-01,208,151,57
SGP,2021-09-01,236,180,56
SGP,2021-10-01,388,283,105
SGP,2021-11-01,1036,640,396
SGP,2021-12-01,13424,7455,5969
SGP,2022-01-01,7584,4144,3440
SGP,2022-02-01,6892,4080,2812
SGP,2022-03-01,16345,9241,7104
SGP,2022-04-01,411851,259314,152537
SGP,2022-05-01,650065,403762,246303
SGP,2022-06-01,851285,500544,350741
SGP,2022-07-01,980310,581370,398940
SGP,2022-08-01,974331,577496,396835
SGP,2022-09-01,1067137,612032,455105
SGP,2022-10-01,1063726,608881,454845
SGP,2022-11-01,1092183,620862,471321
SGP,2022-12-01,1267322,688246,579076
SGP,2023-01-01,1060844,604926,455918
SGP,2023-02-01,939633,548480,391153
SGP,2023-03-01,1140473,646867,493606
SGP,2023-04-01,1041826,596528,445298
SGP,2023-05-01,1119412,649811,469601
SGP,2023-06-01,1318183,730304,587879
SGP,2023-07-01,1295067,733633,561434
SGP,2023-08-01,1276080,733526,542554
SGP,2023-09-01,1399698,788225,611473
SGP,2023-10-01,1355821,777933,577888
SGP,2023-11-01,1383199,777039,606160
SGS,2020-01-01,0,0,0
SGS,2020-02-01,0,0,0
SGS,2020-03-01,0,0,0
SGS,2020-04-01,0,0,0
SGS,2020-05-01,0,0,0
SGS,2020-06-01,0,0,0
SGS,2020-07-01,0,0,0
SGS,2020-08-01,0,0,0
SGS,2020-09-01,0,0,0
SGS,2020-10-01,0,0,0
SGS,2020-11-01,0,0,0
SGS,2020-12-01,0,0,0
SGS,2021-01-01,0,0,0
SGS,2021-02-01,1,1,0
SGS,2021-03-01,0,0,0
SGS,2021-04-01,0,0,0
SGS,2021-05-01,0,0,0
SGS,2021-06-01,0,0,0
SGS,2021-07-01,0,0,0
SGS,2021-08-01,0,0,0
SGS,2021-09-01,0,0,0
SGS,2021-10-01,0,0,0
SGS,2021-11-01,0,0,0
SGS,2021-12-01,0,0,0
SGS,2022-01-01,0,0,0
SGS,2022-02-01,0,0,0
SGS,2022-03-01,0,0,0
SGS,2022-04-01,0,0,0
SGS,2022-05-01,0,0,0
SGS,2022-06-01,2,2,0
SGS,2022-07-01,1,1,0
SGS,2022-08-01,1,1,0
SGS,2022-09-01,0,0,0
SGS,2022-10-01,0,0,0
SGS,2022-11-01,0,0,0
SGS,2022-12-01,0,0,0
SGS,2023-01-01,0,0,0
SGS,2023-02-01,0,0,0
SGS,2023-03-01,0,0,0
SGS,2023-04-01,1,0,1
SGS,2023-05-01,0,0,0
SGS,2023-06-01,0,0,0
SGS,2023-07-01,0,0,0
SGS,2023-08-01,0,0,0
SGS,2023-09-01,0,0,0
SGS,2023-10-01,0,0,0
SGS,2023-11-01,1,0,1
SHN,2020-01-01,0,0,0
SHN,2020-02-01,0,0,0
SHN,2020-03-01,0,0,0
SHN,2020-04-01,0,0,0
SHN,2020-05-01,0,0,0
SHN,2020-06-01,0,0,0
SHN,2020-07-01,0,0,0
SHN,2020-08-01,0,0,0
SHN,2020-09-01,0,0,0
SHN,2020-10-01,0,0,0
SHN,2020-11-01,0,0,0
SHN,2020-12-01,0,0,0
SHN,2021-01-01,0,0,0
SHN,2021-02-01,0,0,0
SHN,2021-03-01,0,0,0
SHN,2021-04-01,0,0,0
SHN,2021-05-01,0,0,0
SHN,2021-06-01,0,0,0
SHN,2021-07-01,0,0,0
SHN,2021-08-01,0,0,0
SHN,2021-09-01,0,0,0
SHN,2021-10-01,0,0,0
SHN,2021-11-01,0,0,0
SHN,2021-12-01,0,0,0
SHN,2022-01-01,0,0,0
SHN,2022-02-01,0,0,0
SHN,2022-03-01,0,0,0
SHN,2022-04-01,0,0,0
SHN,2022-05-01,0,0,0
SHN,2022-06-01,0,0,0
SHN,2022-07-01,0,0,0
SHN,2022-08-01,0,0,0
SHN,2022-09-01,0,0,0
SHN,2022-10-01,0,0,0
SHN,2022-11-01,0,0,0
SHN,2022-12-01,0,0,0
SHN,2023-01-01,0,0,0
SHN,2023-02-01,0,0,0
SHN,2023-03-01,0,0,0
SHN,2023-04-01,1,1,0
SHN,2023-05-01,0,0,0
SHN,2023-06-01,0,0,0
SHN,2023-07-01,0,0,0
SHN,2023-08-01,0,0,0
SHN,2023-09-01,0,0,0
SHN,2023-10-01,0,0,0
SHN,2023-11-01,0,0,0
SLB,2020-01-01,35,15,20
SLB,2020-02-01,8,4,4
SLB,2020-03-01,2,2,0
SLB,2020-04-01,0,0,0
SLB,2020-05-01,0,0,0
SLB,2020-06-01,0,0,0
SLB,2020-07-01,0,0,0
SLB,2020-08-01,0,0,0
SLB,2020-09-01,0,0,0
SLB,2020-10-01,0,0,0
SLB,2020-11-01,0,0,0
SLB,2020-12-01,0,0,0
SLB,2021-01-01,0,0,0
SLB,2021-02-01,0,0,0
SLB,2021-03-01,0,0,0
SLB,2021-04-01,0,0,0
SLB,2021-05-01,0,0,0
SLB,2021-06-01,0,0,0
SLB,2021-07-01,0,0,0
SLB,2021-08-01,0,0,0
SLB,2021-09-01,0,0,0
SLB,2021-10-01,0,0,0
SLB,2021-11-01,0,0,0
SLB,2021-12-01,2,2,0
SLB,2022-01-01,0,0,0
SLB,2022-02-01,0,0,0
SLB,2022-03-01,2,0,2
SLB,2022-04-01,1,0,1
SLB,2022-05-01,0,0,0
SLB,2022-06-01,6,5,1
SLB,2022-07-01,7,4,3
SLB,2022-08-01,14,7,7
SLB,2022-09-01,4,4,0
SLB,2022-10-01,10,8,2
SLB,2022-11-01,20,10,10
SLB,2022-12-01,9,7,2
SLB,2023-01-01,19,2,17
SLB,2023-02-01,2,1,1
SLB,2023-03-01,9,3,6
SLB,2023-04-01,14,4,10
SLB,2023-05-01,19,4,15
SLB,2023-06-01,32,31,1
SLB,2023-07-01,7,3,4
SLB,2023-08-01,7,6,1
SLB,2023-09-01,7,6,1
SLB,2023-10-01,8,4,4
SLB,2023-11-01,72,40,32
SLE,2020-01-01,54,34,20
SLE,2020-02-01,43,30,13
SLE,2020-03-01,25,15,10
SLE,2020-04-01,0,0,0
SLE,2020-05-01,0,0,0
SLE,2020-06-01,0,0,0
SLE,2020-07-01,0,0,0
SLE,2020-08-01,0,0,0
SLE,2020-09-01,0,0,0
SLE,2020-10-01,0,0,0
SLE,2020-11-01,0,0,0
SLE,2020-12-01,0,0,0
SLE,2021-01-01,1,1,0
SLE,2021-02-01,0,0,0
SLE,2021-03-01,5,0,5
SLE,2021-04-01,2,2,0
SLE,2021-05-01,3,3,0
SLE,2021-06-01,0,0,0
SLE,2021-07-01,3,3,0
SLE,2021-08-01,0,0,0
SLE,2021-09-01,1,1,0
SLE,2021-10-01,3,1,2
SLE,2021-11-01,3,2,1
SLE,2021-12-01,0,0,0
SLE,2022-01-01,2,2,0
SLE,2022-02-01,5,3,2
SLE,2022-03-01,1,1,0
SLE,2022-04-01,9,5,4
SLE,2022-05-01,7,6,1
SLE,2022-06-01,15,10,5
SLE,2022-07-01,15,13,2
SLE,2022-08-01,16,8,8
SLE,2022-09-01,7,5,2
SLE,2022-10-01,21,14,7
SLE,2022-11-01,25,20,5
SLE,2022-12-01,13,11,2
SLE,2023-01-01,24,15,9
SLE,2023-02-01,23,12,11
SLE,2023-03-01,26,20,6
SLE,2023-04-01,13,12,1
SLE,2023-05-01,12,9,3
SLE,2023-06-01,9,4,5
SLE,2023-07-01,33,15,18
SLE,2023-08-01,19,15,4
SLE,2023-09-01,33,25,8
SLE,2023-10-01,25,16,9
SLE,2023-11-01,46,28,18
SLV,2020-01-01,24,9,15
SLV,2020-02-01,22,9,13
SLV,2020-03-01,7,5,2
SLV,2020-04-01,0,0,0
SLV,2020-05-01,0,0,0
SLV,2020-06-01,0,0,0
SLV,2020-07-01,0,0,0
SLV,2020-08-01,0,0,0
SLV,2020-09-01,1,0,1
SLV,2020-10-01,0,0,0
SLV,2020-11-01,0,0,0
SLV,2020-12-01,0,0,0
SLV,2021-01-01,0,0,0
SLV,2021-02-01,0,0,0
SLV,2021-03-01,1,1,0
SLV,2021-04-01,0,0,0
SLV,2021-05-01,0,0,0
SLV,2021-06-01,1,0,1
SLV,2021-07-01,0,0,0
SLV,2021-08-01,0,0,0
SLV,2021-09-01,0,0,0
SLV,2021-10-01,0,0,0
SLV,2021-11-01,0,0,0
SLV,2021-12-01,0,0,0
SLV,2022-01-01,0,0,0
SLV,2022-02-01,1,0,1
SLV,2022-03-01,0,0,0
SLV,2022-04-01,1,1,0
SLV,2022-05-01,6,1,5
SLV,2022-06-01,5,3,2
SLV,2022-07-01,1,1,0
SLV,2022-08-01,14,8,6
SLV,2022-09-01,7,5,2
SLV,2022-10-01,12,6,6
SLV,2022-11-01,21,12,9
SLV,2022-12-01,14,10,4
SLV,2023-01-01,10,5,5
SLV,2023-02-01,17,9,8
SLV,2023-03-01,18,11,7
SLV,2023-04-01,27,17,10
SLV,2023-05-01,30,18,12
SLV,2023-06-01,20,14,6
SLV,2023-07-01,22,11,11
SLV,2023-08-01,23,7,16
SLV,2023-09-01,33,20,13
SLV,2023-10-01,21,10,11
SLV,2023-11-01,14,7,7
SMR,2020-01-01,3,2,1
SMR,2020-02-01,4,3,1
SMR,2020-03-01,1,1,0
SMR,2020-04-01,0,0,0
SMR,2020-05-01,0,0,0
SMR,2020-06-01,0,0,0
SMR,2020-07-01,0,0,0
SMR,2020-08-01,0,0,0
SMR,2020-09-01,0,0,0
SMR,2020-10-01,0,0,0
SMR,2020-11-01,0,0,0
SMR,2020-12-01,0,0,0
SMR,2021-01-01,1,1,0
SMR,2021-02-01,0,0,0
SMR,2021-03-01,0,0,0
SMR,2021-04-01,0,0,0
SMR,2021-05-01,0,0,0
SMR,2021-06-01,0,0,0
SMR,2021-07-01,0,0,0
SMR,2021-08-01,0,0,0
SMR,2021-09-01,0,0,0
SMR,2021-10-01,0,0,0
SMR,2021-11-01,0,0,0
SMR,2021-12-01,0,0,0
SMR,2022-01-01,1,1,0
SMR,2022-02-01,2,2,0
SMR,2022-03-01,0,0,0
SMR,2022-04-01,0,0,0
SMR,2022-05-01,1,1,0
SMR,2022-06-01,0,0,0
SMR,2022-07-01,0,0,0
SMR,2022-08-01,2,1,1
SMR,2022-09-01,0,0,0
SMR,2022-10-01,2,2,0
SMR,2022-11-01,0,0,0
SMR,2022-12-01,0,0,0
SMR,2023-01-01,2,2,0
SMR,2023-02-01,4,4,0
SMR,2023-03-01,1,1,0
SMR,2023-04-01,9,2,7
SMR,2023-05-01,3,2,1
SMR,2023-06-01,1,1,0
SMR,2023-07-01,4,3,1
SMR,2023-08-01,4,2,2
SMR,2023-09-01,0,0,0
SMR,2023-10-01,1,1,0
SMR,2023-11-01,4,4,0
SOM,2020-01-01,352,202,150
SOM,2020-02-01,357,245,112
SOM,2020-03-01,153,98,55
SOM,2020-04-01,0,0,0
SOM,2020-05-01,0,0,0
SOM,2020-06-01,0,0,0
SOM,2020-07-01,0,0,0
SOM,2020-08-01,2,2,0
SOM,2020-09-01,6,4,2
SOM,2020-10-01,2,2,0
SOM,2020-11-01,1,0,1
SOM,2020-12-01,3,2,1
SOM,2021-01-01,3,2,1
SOM,2021-02-01,15,12,3
SOM,2021-03-01,36,26,10
SOM,2021-04-01,48,38,10
SOM,2021-05-01,16,11,5
SOM,2021-06-01,9,5,4
SOM,2021-07-01,10,9,1
SOM,2021-08-01,19,9,10
SOM,2021-09-01,45,41,4
SOM,2021-10-01,78,63,15
SOM,2021-11-01,43,33,10
SOM,2021-12-01,80,51,29
SOM,2022-01-01,77,52,25
SOM,2022-02-01,54,31,23
SOM,2022-03-01,94,70,24
SOM,2022-04-01,121,84,37
SOM,2022-05-01,132,80,52
SOM,2022-06-01,138,81,57
SOM,2022-07-01,123,60,63
SOM,2022-08-01,200,120,80
SOM,2022-09-01,235,148,87
SOM,2022-10-01,265,174,91
SOM,2022-11-01,248,157,91
SOM,2022-12-01,174,117,57
SOM,2023-01-01,253,154,99
SOM,2023-02-01,216,133,83
SOM,2023-03-01,251,163,88
SOM,2023-04-01,162,99,63
SOM,2023-05-01,227,137,90
SOM,2023-06-01,171,100,71
SOM,2023-07-01,181,108,73
SOM,2023-08-01,248,139,109
SOM,2023-09-01,251,162,89
SOM,2023-10-01,268,168,100
SOM,2023-11-01,306,187,119
SRB,2020-01-01,191,107,84
SRB,2020-02-01,115,68,47
SRB,2020-03-01,37,23,14
SRB,2020-04-01,0,0,0
SRB,2020-05-01,0,0,0
SRB,2020-06-01,0,0,0
SRB,2020-07-01,1,0,1
SRB,2020-08-01,3,1,2
SRB,2020-09-01,0,0,0
SRB,2020-10-01,6,3,3
SRB,2020-11-01,1,1,0
SRB,2020-12-01,0,0,0
SRB,2021-01-01,3,2,1
SRB,2021-02-01,3,2,1
SRB,2021-03-01,1,1,0
SRB,2021-04-01,2,1,1
SRB,2021-05-01,4,4,0
SRB,2021-06-01,0,0,0
SRB,2021-07-01,1,0,1
SRB,2021-08-01,6,3,3
SRB,2021-09-01,0,0,0
SRB,2021-10-01,3,2,1
SRB,2021-11-01,6,4,2
SRB,2021-12-01,5,5,0
SRB,2022-01-01,4,3,1
SRB,2022-02-01,5,3,2
SRB,2022-03-01,14,11,3
SRB,2022-04-01,14,6,8
SRB,2022-05-01,28,17,11
SRB,2022-06-01,31,20,11
SRB,2022-07-01,40,26,14
SRB,2022-08-01,38,21,17
SRB,2022-09-01,62,43,19
SRB,2022-10-01,73,37,36
SRB,2022-11-01,65,42,23
SRB,2022-12-01,80,47,33
SRB,2023-01-01,67,43,24
SRB,2023-02-01,77,41,36
SRB,2023-03-01,86,55,31
SRB,2023-04-01,104,51,53
SRB,2023-05-01,48,28,20
SRB,2023-06-01,52,28,24
SRB,2023-07-01,85,47,38
SRB,2023-08-01,100,53,47
SRB,2023-09-01,108,56,52
SRB,2023-10-01,128,72,56
SRB,2023-11-01,110,56,54
SSD,2020-01-01,34,25,9
SSD,2020-02-01,14,11,3
SSD,2020-03-01,11,8,3
SSD,2020-04-01,0,0,0
SSD,2020-05-01,0,0,0
SSD,2020-06-01,0,0,0
SSD,2020-07-01,0,0,0
SSD,2020-08-01,0,0,0
SSD,2020-09-01,1,0,1
SSD,2020-10-01,0,0,0
SSD,2020-11-01,0,0,0
SSD,2020-12-01,0,0,0
SSD,2021-01-01,1,0,1
SSD,2021-02-01,0,0,0
SSD,2021-03-01,13,11,2
SSD,2021-04-01,4,3,1
SSD,2021-05-01,5,4,1
SSD,2021-06-01,2,1,1
SSD,2021-07-01,2,2,0
SSD,2021-08-01,3,3,0
SSD,2021-09-01,0,0,0
SSD,2021-10-01,5,4,1
SSD,2021-11-01,1,1,0
SSD,2021-12-01,2,1,1
SSD,2022-01-01,8,8,0
SSD,2022-02-01,2,1,1
SSD,2022-03-01,7,1,6
SSD,2022-04-01,23,13,10
SSD,2022-05-01,19,16,3
SSD,2022-06-01,10,6,4
SSD,2022-07-01,16,13,3
SSD,2022-08-01,17,17,0
SSD,2022-09-01,48,35,13
SSD,2022-10-01,45,37,8
SSD,2022-11-01,31,19,12
SSD,2022-12-01,32,29,3
SSD,2023-01-01,47,33,14
SSD,2023-02-01,25,15,10
SSD,2023-03-01,39,21,18
SSD,2023-04-01,22,12,10
SSD,2023-05-01,22,15,7
SSD,2023-06-01,14,9,5
SSD,2023-07-01,28,15,13
SSD,2023-08-01,70,45,25
SSD,2023-09-01,34,22,12
SSD,2023-10-01,18,10,8
SSD,2023-11-01,35,22,13
STP,2020-01-01,8,3,5
STP,2020-02-01,2,2,0
STP,2020-03-01,0,0,0
STP,2020-04-01,0,0,0
STP,2020-05-01,0,0,0
STP,2020-06-01,0,0,0
STP,2020-07-01,0,0,0
STP,2020-08-01,0,0,0
STP,2020-09-01,0,0,0
STP,2020-10-01,0,0,0
STP,2020-11-01,0,0,0
STP,2020-12-01,0,0,0
STP,2021-01-01,2,2,0
STP,2021-02-01,0,0,0
STP,2021-03-01,0,0,0
STP,2021-04-01,0,0,0
STP,2021-05-01,0,0,0
STP,2021-06-01,0,0,0
STP,2021-07-01,0,0,0
STP,2021-08-01,0,0,0
STP,2021-09-01,0,0,0
STP,2021-10-01,0,0,0
STP,2021-11-01,0,0,0
STP,2021-12-01,0,0,0
STP,2022-01-01,0,0,0
STP,2022-02-01,0,0,0
STP,2022-03-01,0,0,0
STP,2022-04-01,2,2,0
STP,2022-05-01,0,0,0
STP,2022-06-01,0,0,0
STP,2022-07-01,1,0,1
STP,2022-08-01,2,1,1
STP,2022-09-01,1,1,0
STP,2022-10-01,0,0,0
STP,2022-11-01,2,0,2
STP,2022-12-01,1,1,0
STP,2023-01-01,3,3,0
STP,2023-02-01,2,1,1
STP,2023-03-01,2,1,1
STP,2023-04-01,0,0,0
STP,2023-05-01,4,4,0
STP,2023-06-01,0,0,0
STP,2023-07-01,1,1,0
STP,2023-08-01,2,2,0
STP,2023-09-01,2,2,0
STP,2023-10-01,2,2,0
STP,2023-11-01,1,1,0
SUR,2020-01-01,15,9,6
SUR,2020-02-01,8,5,3
SUR,2020-03-01,9,5,4
SUR,2020-04-01,0,0,0
SUR,2020-05-01,0,0,0
SUR,2020-06-01,0,0,0
SUR,2020-07-01,0,0,0
SUR,2020-08-01,0,0,0
SUR,2020-09-01,0,0,0
SUR,2020-10-01,0,0,0
SUR,2020-11-01,0,0,0
SUR,2020-12-01,0,0,0
SUR,2021-01-01,0,0,0
SUR,2021-02-01,0,0,0
SUR,2021-03-01,0,0,0
SUR,2021-04-01,0,0,0
SUR,2021-05-01,0,0,0
SUR,2021-06-01,0,0,0
SUR,2021-07-01,0,0,0
SUR,2021-08-01,0,0,0
SUR,2021-09-01,0,0,0
SUR,2021-10-01,0,0,0
SUR,2021-11-01,0,0,0
SUR,2021-12-01,0,0,0
SUR,2022-01-01,0,0,0
SUR,2022-02-01,0,0,0
SUR,2022-03-01,0,0,0
SUR,2022-04-01,1,1,0
SUR,2022-05-01,3,0,3
SUR,2022-06-01,5,4,1
SUR,2022-07-01,5,3,2
SUR,2022-08-01,8,6,2
SUR,2022-09-01,8,6,2
SUR,2022-10-01,44,19,25
SUR,2022-11-01,14,9,5
SUR,2022-12-01,20,9,11
SUR,2023-01-01,11,7,4
SUR,2023-02-01,15,10,5
SUR,2023-03-01,16,10,6
SUR,2023-04-01,24,16,8
SUR,2023-05-01,37,19,18
SUR,2023-06-01,24,16,8
SUR,2023-07-01,28,20,8
SUR,2023-08-01,42,25,17
SUR,2023-09-01,83,41,42
SUR,2023-10-01,23,13,10
SUR,2023-11-01,20,14,6
SVK,2020-01-01,891,480,411
SVK,2020-02-01,953,486,467
SVK,2020-03-01,393,192,201
SVK,2020-04-01,0,0,0
SVK,2020-05-01,0,0,0
SVK,2020-06-01,0,0,0
SVK,2020-07-01,7,7,0
SVK,2020-08-01,9,6,3
SVK,2020-09-01,32,29,3
SVK,2020-10-01,17,15,2
SVK,2020-11-01,4,4,0
SVK,2020-12-01,0,0,0
SVK,2021-01-01,9,8,1
SVK,2021-02-01,11,11,0
SVK,2021-03-01,12,10,2
SVK,2021-04-01,11,8,3
SVK,2021-05-01,7,5,2
SVK,2021-06-01,0,0,0
SVK,2021-07-01,2,2,0
SVK,2021-08-01,11,6,5
SVK,2021-09-01,6,5,1
SVK,2021-10-01,11,9,2
SVK,2021-11-01,20,18,2
SVK,2021-12-01,10,4,6
SVK,2022-01-01,34,28,6
SVK,2022-02-01,13,10,3
SVK,2022-03-01,44,25,19
SVK,2022-04-01,80,51,29
SVK,2022-05-01,133,89,44
SVK,2022-06-01,128,56,72
SVK,2022-07-01,284,152,132
SVK,2022-08-01,290,153,137
SVK,2022-09-01,208,119,89
SVK,2022-10-01,276,162,114
SVK,2022-11-01,355,198,157
SVK,2022-12-01,343,174,169
SVK,2023-01-01,623,348,275
SVK,2023-02-01,633,342,291
SVK,2023-03-01,565,317,248
SVK,2023-04-01,401,234,167
SVK,2023-05-01,361,215,146
SVK,2023-06-01,183,105,78
SVK,2023-07-01,457,241,216
SVK,2023-08-01,337,173,164
SVK,2023-09-01,332,193,139
SVK,2023-10-01,462,266,196
SVK,2023-11-01,526,291,235
SVN,2020-01-01,205,123,82
SVN,2020-02-01,385,212,173
SVN,2020-03-01,64,34,30
SVN,2020-04-01,0,0,0
SVN,2020-05-01,0,0,0
SVN,2020-06-01,0,0,0
SVN,2020-07-01,2,0,2
SVN,2020-08-01,1,1,0
SVN,2020-09-01,1,1,0
SVN,2020-10-01,0,0,0
SVN,2020-11-01,4,4,0
SVN,2020-12-01,0,0,0
SVN,2021-01-01,2,1,1
SVN,2021-02-01,0,0,0
SVN,2021-03-01,2,2,0
SVN,2021-04-01,1,1,0
SVN,2021-05-01,2,2,0
SVN,2021-06-01,2,2,0
SVN,2021-07-01,0,0,0
SVN,2021-08-01,2,1,1
SVN,2021-09-01,0,0,0
SVN,2021-10-01,4,3,1
SVN,2021-11-01,2,1,1
SVN,2021-12-01,3,2,1
SVN,2022-01-01,3,3,0
SVN,2022-02-01,8,5,3
SVN,2022-03-01,3,2,1
SVN,2022-04-01,24,16,8
SVN,2022-05-01,35,14,21
SVN,2022-06-01,34,21,13
SVN,2022-07-01,107,70,37
SVN,2022-08-01,85,49,36
SVN,2022-09-01,70,41,29
SVN,2022-10-01,93,59,34
SVN,2022-11-01,94,56,38
SVN,2022-12-01,90,51,39
SVN,2023-01-01,159,96,63
SVN,2023-02-01,239,120,119
SVN,2023-03-01,174,91,83
SVN,2023-04-01,211,114,97
SVN,2023-05-01,96,61,35
SVN,2023-06-01,96,57,39
SVN,2023-07-01,243,121,122
SVN,2023-08-01,189,97,92
SVN,2023-09-01,165,89,76
SVN,2023-10-01,171,101,70
SVN,2023-11-01,229,130,99
SWE,2020-01-01,4792,2680,2112
SWE,2020-02-01,3960,2148,1812
SWE,2020-03-01,1380,756,624
SWE,2020-04-01,3,3,0
SWE,2020-05-01,1,1,0
SWE,2020-06-01,0,0,0
SWE,2020-07-01,39,30,9
SWE,2020-08-01,17,13,4
SWE,2020-09-01,10,7,3
SWE,2020-10-01,22,16,6
SWE,2020-11-01,25,20,5
SWE,2020-12-01,22,17,5
SWE,2021-01-01,30,26,4
SWE,2021-02-01,28,25,3
SWE,2021-03-01,28,26,2
SWE,2021-04-01,34,29,5
SWE,2021-05-01,39,33,6
SWE,2021-06-01,11,10,1
SWE,2021-07-01,27,24,3
SWE,2021-08-01,35,26,9
SWE,2021-09-01,51,38,13
SWE,2021-10-01,39,33,6
SWE,2021-11-01,29,28,1
SWE,2021-12-01,82,55,27
SWE,2022-01-01,87,60,27
SWE,2022-02-01,71,53,18
SWE,2022-03-01,92,72,20
SWE,2022-04-01,543,355,188
SWE,2022-05-01,632,429,203
SWE,2022-06-01,727,482,245
SWE,2022-07-01,1000,617,383
SWE,2022-08-01,782,526,256
SWE,2022-09-01,1018,675,343
SWE,2022-10-01,1224,735,489
SWE,2022-11-01,1465,901,564
SWE,2022-12-01,1780,1009,771
SWE,2023-01-01,2179,1240,939
SWE,2023-02-01,2412,1325,1087
SWE,2023-03-01,2159,1244,915
SWE,2023-04-01,1562,926,636
SWE,2023-05-01,1052,660,392
SWE,2023-06-01,1114,698,416
SWE,2023-07-01,1492,901,591
SWE,2023-08-01,1199,774,425
SWE,2023-09-01,1222,827,395
SWE,2023-10-01,1563,897,666
SWE,2023-11-01,1951,1145,806
SWZ,2020-01-01,10,4,6
SWZ,2020-02-01,6,5,1
SWZ,2020-03-01,6,2,4
SWZ,2020-04-01,0,0,0
SWZ,2020-05-01,0,0,0
SWZ,2020-06-01,0,0,0
SWZ,2020-07-01,0,0,0
SWZ,2020-08-01,0,0,0
SWZ,2020-09-01,0,0,0
SWZ,2020-10-01,0,0,0
SWZ,2020-11-01,1,1,0
SWZ,2020-12-01,1,1,0
SWZ,2021-01-01,5,2,3
SWZ,2021-02-01,0,0,0
SWZ,2021-03-01,3,0,3
SWZ,2021-04-01,1,1,0
SWZ,2021-05-01,0,0,0
SWZ,2021-06-01,0,0,0
SWZ,2021-07-01,1,1,0
SWZ,2021-08-01,0,0,0
SWZ,2021-09-01,0,0,0
SWZ,2021-10-01,0,0,0
SWZ,2021-11-01,0,0,0
SWZ,2021-12-01,1,1,0
SWZ,2022-01-01,3,1,2
SWZ,2022-02-01,2,0,2
SWZ,2022-03-01,15,5,10
SWZ,2022-04-01,3,2,1
SWZ,2022-05-01,15,7,8
SWZ,2022-06-01,9,6,3
SWZ,2022-07-01,11,5,6
SWZ,2022-08-01,12,3,9
SWZ,2022-09-01,10,5,5
SWZ,2022-10-01,13,6,7
SWZ,2022-11-01,12,5,7
SWZ,2022-12-01,23,15,8
SWZ,2023-01-01,12,7,5
SWZ,2023-02-01,15,4,11
SWZ,2023-03-01,11,2,9
SWZ,2023-04-01,18,8,10
SWZ,2023-05-01,5,1,4
SWZ,2023-06-01,17,7,10
SWZ,2023-07-01,32,14,18
SWZ,2023-08-01,26,12,14
SWZ,2023-09-01,22,8,14
SWZ,2023-10-01,31,20,11
SWZ,2023-11-01,28,16,12
SYC,2020-01-01,170,84,86
SYC,2020-02-01,76,40,36
SYC,2020-03-01,25,8,17
SYC,2020-04-01,0,0,0
SYC,2020-05-01,0,0,0
SYC,2020-06-01,0,0,0
SYC,2020-07-01,0,0,0
SYC,2020-08-01,0,0,0
SYC,2020-09-01,5,1,4
SYC,2020-10-01,3,2,1
SYC,2020-11-01,1,0,1
SYC,2020-12-01,0,0,0
SYC,2021-01-01,2,0,2
SYC,2021-02-01,5,0,5
SYC,2021-03-01,13,8,5
SYC,2021-04-01,6,1,5
SYC,2021-05-01,12,6,6
SYC,2021-06-01,1,1,0
SYC,2021-07-01,3,2,1
SYC,2021-08-01,4,3,1
SYC,2021-09-01,18,5,13
SYC,2021-10-01,11,6,5
SYC,2021-11-01,15,8,7
SYC,2021-12-01,13,4,9
SYC,2022-01-01,19,6,13
SYC,2022-02-01,6,1,5
SYC,2022-03-01,18,5,13
SYC,2022-04-01,42,18,24
SYC,2022-05-01,40,22,18
SYC,2022-06-01,33,14,19
SYC,2022-07-01,44,20,24
SYC,2022-08-01,81,34,47
SYC,2022-09-01,66,31,35
SYC,2022-10-01,39,17,22
SYC,2022-11-01,43,15,28
SYC,2022-12-01,74,27,47
SYC,2023-01-01,79,32,47
SYC,2023-02-01,57,16,41
SYC,2023-03-01,64,25,39
SYC,2023-04-01,87,40,47
SYC,2023-05-01,60,23,37
SYC,2023-06-01,52,18,34
SYC,2023-07-01,54,20,34
SYC,2023-08-01,114,50,64
SYC,2023-09-01,122,51,71
SYC,2023-10-01,71,27,44
SYC,2023-11-01,71,30,41
SYR,2020-01-01,1070,696,374
SYR,2020-02-01,785,545,240
SYR,2020-03-01,341,268,73
SYR,2020-04-01,0,0,0
SYR,2020-05-01,0,0,0
SYR,2020-06-01,0,0,0
SYR,2020-07-01,1,1,0
SYR,2020-08-01,24,23,1
SYR,2020-09-01,43,41,2
SYR,2020-10-01,29,27,2
SYR,2020-11-01,8,6,2
SYR,2020-12-01,6,6,0
SYR,2021-01-01,10,5,5
SYR,2021-02-01,18,16,2
SYR,2021-03-01,51,30,21
SYR,2021-04-01,33,22,11
SYR,2021-05-01,29,19,10
SYR,2021-06-01,15,11,4
SYR,2021-07-01,20,12,8
SYR,2021-08-01,22,15,7
SYR,2021-09-01,22,16,6
SYR,2021-10-01,53,45,8
SYR,2021-11-01,47,35,12
SYR,2021-12-01,90,55,35
SYR,2022-01-01,98,66,32
SYR,2022-02-01,147,106,41
SYR,2022-03-01,132,81,51
SYR,2022-04-01,355,223,132
SYR,2022-05-01,455,266,189
SYR,2022-06-01,471,281,190
SYR,2022-07-01,558,314,244
SYR,2022-08-01,702,406,296
SYR,2022-09-01,723,441,282
SYR,2022-10-01,611,385,226
SYR,2022-11-01,523,339,184
SYR,2022-12-01,479,305,174
SYR,2023-01-01,513,337,176
SYR,2023-02-01,523,346,177
SYR,2023-03-01,574,415,159
SYR,2023-04-01,504,332,172
SYR,2023-05-01,622,447,175
SYR,2023-06-01,685,393,292
SYR,2023-07-01,834,493,341
SYR,2023-08-01,922,506,416
SYR,2023-09-01,787,488,299
SYR,2023-10-01,706,482,224
SYR,2023-11-01,832,553,279
TCA,2020-01-01,0,0,0
TCA,2020-02-01,0,0,0
TCA,2020-03-01,0,0,0
TCA,2020-04-01,0,0,0
TCA,2020-05-01,0,0,0
TCA,2020-06-01,0,0,0
TCA,2020-07-01,0,0,0
TCA,2020-08-01,0,0,0
TCA,2020-09-01,0,0,0
TCA,2020-10-01,0,0,0
TCA,2020-11-01,0,0,0
TCA,2020-12-01,0,0,0
TCA,2021-01-01,0,0,0
TCA,2021-02-01,0,0,0
TCA,2021-03-01,0,0,0
TCA,2021-04-01,0,0,0
TCA,2021-05-01,0,0,0
TCA,2021-06-01,0,0,0
TCA,2021-07-01,0,0,0
TCA,2021-08-01,0,0,0
TCA,2021-09-01,0,0,0
TCA,2021-10-01,0,0,0
TCA,2021-11-01,0,0,0
TCA,2021-12-01,0,0,0
TCA,2022-01-01,0,0,0
TCA,2022-02-01,0,0,0
TCA,2022-03-01,0,0,0
TCA,2022-04-01,0,0,0
TCA,2022-05-01,0,0,0
TCA,2022-06-01,0,0,0
TCA,2022-07-01,0,0,0
TCA,2022-08-01,0,0,0
TCA,2022-09-01,0,0,0
TCA,2022-10-01,0,0,0
TCA,2022-11-01,0,0,0
TCA,2022-12-01,0,0,0
TCA,2023-01-01,0,0,0
TCA,2023-02-01,1,0,1
TCA,2023-03-01,0,0,0
TCA,2023-04-01,0,0,0
TCA,2023-05-01,0,0,0
TCA,2023-06-01,0,0,0
TCA,2023-07-01,0,0,0
TCA,2023-08-01,0,0,0
TCA,2023-09-01,0,0,0
TCA,2023-10-01,0,0,0
TCA,2023-11-01,0,0,0
TCD,2020-01-01,27,20,7
TCD,2020-02-01,26,23,3
TCD,2020-03-01,5,5,0
TCD,2020-04-01,1,1,0
TCD,2020-05-01,0,0,0
TCD,2020-06-01,0,0,0
TCD,2020-07-01,0,0,0
TCD,2020-08-01,0,0,0
TCD,2020-09-01,0,0,0
TCD,2020-10-01,0,0,0
TCD,2020-11-01,0,0,0
TCD,2020-12-01,0,0,0
TCD,2021-01-01,0,0,0
TCD,2021-02-01,0,0,0
TCD,2021-03-01,2,2,0
TCD,2021-04-01,3,3,0
TCD,2021-05-01,3,3,0
TCD,2021-06-01,0,0,0
TCD,2021-07-01,0,0,0
TCD,2021-08-01,2,1,1
TCD,2021-09-01,2,2,0
TCD,2021-10-01,1,1,0
TCD,2021-11-01,2,2,0
TCD,2021-12-01,4,3,1
TCD,2022-01-01,8,8,0
TCD,2022-02-01,4,3,1
TCD,2022-03-01,10,9,1
TCD,2022-04-01,13,9,4
TCD,2022-05-01,8,7,1
TCD,2022-06-01,11,8,3
TCD,2022-07-01,11,8,3
TCD,2022-08-01,15,9,6
TCD,2022-09-01,13,10,3
TCD,2022-10-01,10,8,2
TCD,2022-11-01,22,21,1
TCD,2022-12-01,19,11,8
TCD,2023-01-01,13,8,5
TCD,2023-02-01,10,8,2
TCD,2023-03-01,32,22,10
TCD,2023-04-01,22,17,5
TCD,2023-05-01,27,25,2
TCD,2023-06-01,26,18,8
TCD,2023-07-01,34,25,9
TCD,2023-08-01,22,16,6
TCD,2023-09-01,34,28,6
TCD,2023-10-01,48,35,13
TCD,2023-11-01,48,42,6
TGO,2020-01-01,16,14,2
TGO,2020-02-01,9,9,0
TGO,2020-03-01,4,4,0
TGO,2020-04-01,0,0,0
TGO,2020-05-01,0,0,0
TGO,2020-06-01,0,0,0
TGO,2020-07-01,0,0,0
TGO,2020-08-01,0,0,0
TGO,2020-09-01,0,0,0
TGO,2020-10-01,1,0,1
TGO,2020-11-01,0,0,0
TGO,2020-12-01,0,0,0
TGO,2021-01-01,0,0,0
TGO,2021-02-01,0,0,0
TGO,2021-03-01,0,0,0
TGO,2021-04-01,1,1,0
TGO,2021-05-01,1,1,0
TGO,2021-06-01,0,0,0
TGO,2021-07-01,1,1,0
TGO,2021-08-01,0,0,0
TGO,2021-09-01,0,0,0
TGO,2021-10-01,0,0,0
TGO,2021-11-01,3,3,0
TGO,2021-12-01,0,0,0
TGO,2022-01-01,0,0,0
TGO,2022-02-01,1,1,0
TGO,2022-03-01,1,1,0
TGO,2022-04-01,3,3,0
TGO,2022-05-01,3,2,1
TGO,2022-06-01,1,0,1
TGO,2022-07-01,1,1,0
TGO,2022-08-01,2,1,1
TGO,2022-09-01,9,7,2
TGO,2022-10-01,16,14,2
TGO,2022-11-01,2,1,1
TGO,2022-12-01,5,4,1
TGO,2023-01-01,2,1,1
TGO,2023-02-01,5,3,2
TGO,2023-03-01,10,10,0
TGO,2023-04-01,9,7,2
TGO,2023-05-01,6,5,1
TGO,2023-06-01,4,4,0
TGO,2023-07-01,12,8,4
TGO,2023-08-01,17,13,4
TGO,2023-09-01,11,7,4
TGO,2023-10-01,20,17,3
TGO,2023-11-01,13,10,3
THA,2020-01-01,165073,78096,86977
THA,2020-02-01,148430,70429,78001
THA,2020-03-01,86177,42731,43446
THA,2020-04-01,13950,13243,707
THA,2020-05-01,13137,12277,860
THA,2020-06-01,11904,11143,761
THA,2020-07-01,12722,11950,772
THA,2020-08-01,14922,13935,987
THA,2020-09-01,14738,13805,933
THA,2020-10-01,15325,14301,1024
THA,2020-11-01,17634,16430,1204
THA,2020-12-01,23324,22534,790
THA,2021-01-01,27961,27440,521
THA,2021-02-01,25581,25099,482
THA,2021-03-01,30565,30005,560
THA,2021-04-01,26270,25847,423
THA,2021-05-01,27298,26894,404
THA,2021-06-01,24622,24420,202
THA,2021-07-01,24628,24432,196
THA,2021-08-01,24054,23898,156
THA,2021-09-01,26849,26664,185
THA,2021-10-01,27544,27303,241
THA,2021-11-01,25951,25671,280
THA,2021-12-01,28042,27432,610
THA,2022-01-01,28647,27758,889
THA,2022-02-01,26276,25681,595
THA,2022-03-01,31127,30380,747
THA,2022-04-01,33669,28739,4930
THA,2022-05-01,64707,42853,21854
THA,2022-06-01,97628,58683,38945
THA,2022-07-01,129092,72851,56241
THA,2022-08-01,152050,88079,63971
THA,2022-09-01,136382,75636,60746
THA,2022-10-01,185888,99812,86076
THA,2022-11-01,168282,95582,72700
THA,2022-12-01,159886,87604,72282
THA,2023-01-01,190763,106008,84755
THA,2023-02-01,189555,105806,83749
THA,2023-03-01,237093,129492,107601
THA,2023-04-01,195057,101191,93866
THA,2023-05-01,215198,116336,98862
THA,2023-06-01,154219,83050,71169
THA,2023-07-01,210796,114233,96563
THA,2023-08-01,171417,92653,78764
THA,2023-09-01,184150,102283,81867
THA,2023-10-01,227509,120418,107091
THA,2023-11-01,190980,104631,86349
TJK,2020-01-01,150,102,48
TJK,2020-02-01,112,88,24
TJK,2020-03-01,57,44,13
TJK,2020-04-01,0,0,0
TJK,2020-05-01,0,0,0
TJK,2020-06-01,1,1,0
TJK,2020-07-01,0,0,0
TJK,2020-08-01,1,0,1
TJK,2020-09-01,0,0,0
TJK,2020-10-01,1,0,1
TJK,2020-11-01,2,2,0
TJK,2020-12-01,2,2,0
TJK,2021-01-01,0,0,0
TJK,2021-02-01,5,3,2
TJK,2021-03-01,1,1,0
TJK,2021-04-01,3,3,0
TJK,2021-05-01,0,0,0
TJK,2021-06-01,2,2,0
TJK,2021-07-01,9,5,4
TJK,2021-08-01,2,2,0
TJK,2021-09-01,1,0,1
TJK,2021-10-01,2,2,0
TJK,2021-11-01,5,3,2
TJK,2021-12-01,8,4,4
TJK,2022-01-01,6,5,1
TJK,2022-02-01,4,2,2
TJK,2022-03-01,3,2,1
TJK,2022-04-01,14,9,5
TJK,2022-05-01,29,12,17
TJK,2022-06-01,40,30,10
TJK,2022-07-01,79,48,31
TJK,2022-08-01,80,52,28
TJK,2022-09-01,156,120,36
TJK,2022-10-01,120,97,23
TJK,2022-11-01,105,74,31
TJK,2022-12-01,100,67,33
TJK,2023-01-01,101,68,33
TJK,2023-02-01,94,55,39
TJK,2023-03-01,106,66,40
TJK,2023-04-01,42,33,9
TJK,2023-05-01,94,67,27
TJK,2023-06-01,89,63,26
TJK,2023-07-01,139,94,45
TJK,2023-08-01,127,97,30
TJK,2023-09-01,111,69,42
TJK,2023-10-01,164,126,38
TJK,2023-11-01,148,108,40
TKL,2020-01-01,2,2,0
TKL,2020-02-01,0,0,0
TKL,2020-03-01,0,0,0
TKL,2020-04-01,0,0,0
TKL,2020-05-01,0,0,0
TKL,2020-06-01,0,0,0
TKL,2020-07-01,0,0,0
TKL,2020-08-01,0,0,0
TKL,2020-09-01,0,0,0
TKL,2020-10-01,0,0,0
TKL,2020-11-01,0,0,0
TKL,2020-12-01,0,0,0
TKL,2021-01-01,0,0,0
TKL,2021-02-01,0,0,0
TKL,2021-03-01,0,0,0
TKL,2021-04-01,0,0,0
TKL,2021-05-01,0,0,0
TKL,2021-06-01,0,0,0
TKL,2021-07-01,0,0,0
TKL,2021-08-01,0,0,0
TKL,2021-09-01,0,0,0
TKL,2021-10-01,0,0,0
TKL,2021-11-01,0,0,0
TKL,2021-12-01,0,0,0
TKL,2022-01-01,0,0,0
TKL,2022-02-01,0,0,0
TKL,2022-03-01,0,0,0
TKL,2022-04-01,0,0,0
TKL,2022-05-01,0,0,0
TKL,2022-06-01,0,0,0
TKL,2022-07-01,0,0,0
TKL,2022-08-01,0,0,0
TKL,2022-09-01,0,0,0
TKL,2022-10-01,0,0,0
TKL,2022-11-01,0,0,0
TKL,2022-12-01,0,0,0
TKL,2023-01-01,0,0,0
TKL,2023-02-01,0,0,0
TKL,2023-03-01,0,0,0
TKL,2023-04-01,0,0,0
TKL,2023-05-01,0,0,0
TKL,2023-06-01,0,0,0
TKL,2023-07-01,0,0,0
TKL,2023-08-01,0,0,0
TKL,2023-09-01,0,0,0
TKL,2023-10-01,0,0,0
TKL,2023-11-01,0,0,0
TKM,2020-01-01,234,132,102
TKM,2020-02-01,94,63,31
TKM,2020-03-01,31,19,12
TKM,2020-04-01,0,0,0
TKM,2020-05-01,0,0,0
TKM,2020-06-01,0,0,0
TKM,2020-07-01,0,0,0
TKM,2020-08-01,0,0,0
TKM,2020-09-01,2,1,1
TKM,2020-10-01,0,0,0
TKM,2020-11-01,0,0,0
TKM,2020-12-01,0,0,0
TKM,2021-01-01,0,0,0
TKM,2021-02-01,2,1,1
TKM,2021-03-01,0,0,0
TKM,2021-04-01,1,0,1
TKM,2021-05-01,0,0,0
TKM,2021-06-01,3,3,0
TKM,2021-07-01,1,1,0
TKM,2021-08-01,2,1,1
TKM,2021-09-01,1,0,1
TKM,2021-10-01,3,0,3
TKM,2021-11-01,7,3,4
TKM,2021-12-01,9,6,3
TKM,2022-01-01,10,4,6
TKM,2022-02-01,6,2,4
TKM,2022-03-01,10,5,5
TKM,2022-04-01,19,9,10
TKM,2022-05-01,38,24,14
TKM,2022-06-01,49,40,9
TKM,2022-07-01,72,38,34
TKM,2022-08-01,78,42,36
TKM,2022-09-01,63,35,28
TKM,2022-10-01,57,33,24
TKM,2022-11-01,50,26,24
TKM,2022-12-01,57,39,18
TKM,2023-01-01,113,60,53
TKM,2023-02-01,54,33,21
TKM,2023-03-01,113,81,32
TKM,2023-04-01,51,30,21
TKM,2023-05-01,102,63,39
TKM,2023-06-01,98,64,34
TKM,2023-07-01,149,88,61
TKM,2023-08-01,211,116,95
TKM,2023-09-01,130,77,53
TKM,2023-10-01,123,85,38
TKM,2023-11-01,101,56,45
TLS,2020-01-01,121,61,60
TLS,2020-02-01,91,60,31
TLS,2020-03-01,28,15,13
TLS,2020-04-01,0,0,0
TLS,2020-05-01,1,1,0
TLS,2020-06-01,0,0,0
TLS,2020-07-01,5,1,4
TLS,2020-08-01,2,1,1
TLS,2020-09-01,6,3,3
TLS,2020-10-01,0,0,0
TLS,2020-11-01,1,0,1
TLS,2020-12-01,3,2,1
TLS,2021-01-01,0,0,0
TLS,2021-02-01,1,1,0
TLS,2021-03-01,1,0,1
TLS,2021-04-01,2,1,1
TLS,2021-05-01,1,1,0
TLS,2021-06-01,2,0,2
TLS,2021-07-01,4,3,1
TLS,2021-08-01,1,0,1
TLS,2021-09-01,0,0,0
TLS,2021-10-01,3,3,0
TLS,2021-11-01,3,1,2
TLS,2021-12-01,7,2,5
TLS,2022-01-01,13,7,6
TLS,2022-02-01,8,6,2
TLS,2022-03-01,23,10,13
TLS,2022-04-01,100,73,27
TLS,2022-05-01,178,124,54
TLS,2022-06-01,241,156,85
TLS,2022-07-01,478,331,147
TLS,2022-08-01,394,270,124
TLS,2022-09-01,227,147,80
TLS,2022-10-01,254,167,87
TLS,2022-11-01,154,91,63
TLS,2022-12-01,240,122,118
TLS,2023-01-01,186,100,86
TLS,2023-02-01,103,45,58
TLS,2023-03-01,203,121,82
TLS,2023-04-01,167,83,84
TLS,2023-05-01,216,123,93
TLS,2023-06-01,152,93,59
TLS,2023-07-01,278,161,117
TLS,2023-08-01,291,162,129
TLS,2023-09-01,260,148,112
TLS,2023-10-01,206,125,81
TLS,2023-11-01,233,146,87
TON,2020-01-01,13,8,5
TON,2020-02-01,8,6,2
TON,2020-03-01,2,1,1
TON,2020-04-01,0,0,0
TON,2020-05-01,0,0,0
TON,2020-06-01,0,0,0
TON,2020-07-01,0,0,0
TON,2020-08-01,0,0,0
TON,2020-09-01,0,0,0
TON,2020-10-01,0,0,0
TON,2020-11-01,0,0,0
TON,2020-12-01,0,0,0
TON,2021-01-01,0,0,0
TON,2021-02-01,0,0,0
TON,2021-03-01,0,0,0
TON,2021-04-01,0,0,0
TON,2021-05-01,0,0,0
TON,2021-06-01,0,0,0
TON,2021-07-01,0,0,0
TON,2021-08-01,0,0,0
TON,2021-09-01,0,0,0
TON,2021-10-01,0,0,0
TON,2021-11-01,0,0,0
TON,2021-12-01,0,0,0
TON,2022-01-01,0,0,0
TON,2022-02-01,0,0,0
TON,2022-03-01,1,1,0
TON,2022-04-01,13,6,7
TON,2022-05-01,3,1,2
TON,2022-06-01,0,0,0
TON,2022-07-01,9,2,7
TON,2022-08-01,6,1,5
TON,2022-09-01,14,8,6
TON,2022-10-01,14,7,7
TON,2022-11-01,11,5,6
TON,2022-12-01,7,6,1
TON,2023-01-01,14,9,5
TON,2023-02-01,10,7,3
TON,2023-03-01,11,4,7
TON,2023-04-01,14,7,7
TON,2023-05-01,8,3,5
TON,2023-06-01,6,2,4
TON,2023-07-01,10,7,3
TON,2023-08-01,12,3,9
TON,2023-09-01,19,7,12
TON,2023-10-01,37,9,28
TON,2023-11-01,29,16,13
TTO,2020-01-01,52,33,19
TTO,2020-02-01,42,31,11
TTO,2020-03-01,20,15,5
TTO,2020-04-01,0,0,0
TTO,2020-05-01,0,0,0
TTO,2020-06-01,0,0,0
TTO,2020-07-01,0,0,0
TTO,2020-08-01,0,0,0
TTO,2020-09-01,0,0,0
TTO,2020-10-01,0,0,0
TTO,2020-11-01,1,1,0
TTO,2020-12-01,0,0,0
TTO,2021-01-01,3,1,2
TTO,2021-02-01,1,1,0
TTO,2021-03-01,0,0,0
TTO,2021-04-01,1,0,1
TTO,2021-05-01,1,1,0
TTO,2021-06-01,1,0,1
TTO,2021-07-01,2,0,2
TTO,2021-08-01,0,0,0
TTO,2021-09-01,1,1,0
TTO,2021-10-01,1,1,0
TTO,2021-11-01,3,2,1
TTO,2021-12-01,0,0,0
TTO,2022-01-01,7,5,2
TTO,2022-02-01,1,1,0
TTO,2022-03-01,5,4,1
TTO,2022-04-01,16,11,5
TTO,2022-05-01,11,6,5
TTO,2022-06-01,7,5,2
TTO,2022-07-01,21,9,12
TTO,2022-08-01,45,29,16
TTO,2022-09-01,16,9,7
TTO,2022-10-01,47,36,11
TTO,2022-11-01,43,23,20
TTO,2022-12-01,33,20,13
TTO,2023-01-01,26,14,12
TTO,2023-02-01,17,9,8
TTO,2023-03-01,33,25,8
TTO,2023-04-01,41,23,18
TTO,2023-05-01,56,31,25
TTO,2023-06-01,33,21,12
TTO,2023-07-01,76,38,38
TTO,2023-08-01,60,31,29
TTO,2023-09-01,54,31,23
TTO,2023-10-01,50,26,24
TTO,2023-11-01,46,25,21
TUN,2020-01-01,404,220,184
TUN,2020-02-01,320,186,134
TUN,2020-03-01,137,74,63
TUN,2020-04-01,0,0,0
TUN,2020-05-01,0,0,0
TUN,2020-06-01,0,0,0
TUN,2020-07-01,2,0,2
TUN,2020-08-01,5,4,1
TUN,2020-09-01,6,2,4
TUN,2020-10-01,7,3,4
TUN,2020-11-01,2,2,0
TUN,2020-12-01,1,1,0
TUN,2021-01-01,4,2,2
TUN,2021-02-01,3,2,1
TUN,2021-03-01,9,2,7
TUN,2021-04-01,6,3,3
TUN,2021-05-01,9,7,2
TUN,2021-06-01,1,1,0
TUN,2021-07-01,1,1,0
TUN,2021-08-01,2,1,1
TUN,2021-09-01,10,3,7
TUN,2021-10-01,10,6,4
TUN,2021-11-01,12,6,6
TUN,2021-12-01,11,5,6
TUN,2022-01-01,24,15,9
TUN,2022-02-01,19,13,6
TUN,2022-03-01,20,6,14
TUN,2022-04-01,77,48,29
TUN,2022-05-01,151,88,63
TUN,2022-06-01,209,102,107
TUN,2022-07-01,316,154,162
TUN,2022-08-01,701,312,389
TUN,2022-09-01,545,286,259
TUN,2022-10-01,462,277,185
TUN,2022-11-01,342,185,157
TUN,2022-12-01,326,170,156
TUN,2023-01-01,620,292,328
TUN,2023-02-01,291,178,113
TUN,2023-03-01,364,214,150
TUN,2023-04-01,231,127,104
TUN,2023-05-01,679,364,315
TUN,2023-06-01,362,178,184
TUN,2023-07-01,1094,527,567
TUN,2023-08-01,2273,1032,1241
TUN,2023-09-01,1765,857,908
TUN,2023-10-01,953,488,465
TUN,2023-11-01,688,383,305
TUR,2020-01-01,1821,1203,618
TUR,2020-02-01,1306,939,367
TUR,2020-03-01,491,390,101
TUR,2020-04-01,1,1,0
TUR,2020-05-01,11,9,2
TUR,2020-06-01,8,5,3
TUR,2020-07-01,57,35,22
TUR,2020-08-01,27,16,11
TUR,2020-09-01,15,8,7
TUR,2020-10-01,20,18,2
TUR,2020-11-01,16,14,2
TUR,2020-12-01,5,4,1
TUR,2021-01-01,18,15,3
TUR,2021-02-01,46,41,5
TUR,2021-03-01,30,25,5
TUR,2021-04-01,28,23,5
TUR,2021-05-01,15,13,2
TUR,2021-06-01,26,22,4
TUR,2021-07-01,34,23,11
TUR,2021-08-01,66,45,21
TUR,2021-09-01,54,40,14
TUR,2021-10-01,85,54,31
TUR,2021-11-01,54,42,12
TUR,2021-12-01,93,74,19
TUR,2022-01-01,140,101,39
TUR,2022-02-01,87,75,12
TUR,2022-03-01,278,218,60
TUR,2022-04-01,457,347,110
TUR,2022-05-01,764,553,211
TUR,2022-06-01,685,493,192
TUR,2022-07-01,988,620,368
TUR,2022-08-01,1085,780,305
TUR,2022-09-01,967,689,278
TUR,2022-10-01,1346,937,409
TUR,2022-11-01,1224,885,339
TUR,2022-12-01,1196,820,376
TUR,2023-01-01,1365,924,441
TUR,2023-02-01,1252,875,377
TUR,2023-03-01,1689,1219,470
TUR,2023-04-01,1508,1018,490
TUR,2023-05-01,1695,1229,466
TUR,2023-06-01,1599,1108,491
TUR,2023-07-01,1865,1235,630
TUR,2023-08-01,2020,1392,628
TUR,2023-09-01,2589,1581,1008
TUR,2023-10-01,2066,1521,545
TUR,2023-11-01,1978,1424,554
TUV,2020-01-01,0,0,0
TUV,2020-02-01,0,0,0
TUV,2020-03-01,0,0,0
TUV,2020-04-01,0,0,0
TUV,2020-05-01,0,0,0
TUV,2020-06-01,0,0,0
TUV,2020-07-01,0,0,0
TUV,2020-08-01,0,0,0
TUV,2020-09-01,0,0,0
TUV,2020-10-01,0,0,0
TUV,2020-11-01,0,0,0
TUV,2020-12-01,0,0,0
TUV,2021-01-01,0,0,0
TUV,2021-02-01,0,0,0
TUV,2021-03-01,0,0,0
TUV,2021-04-01,0,0,0
TUV,2021-05-01,0,0,0
TUV,2021-06-01,0,0,0
TUV,2021-07-01,0,0,0
TUV,2021-08-01,0,0,0
TUV,2021-09-01,0,0,0
TUV,2021-10-01,0,0,0
TUV,2021-11-01,0,0,0
TUV,2021-12-01,0,0,0
TUV,2022-01-01,0,0,0
TUV,2022-02-01,0,0,0
TUV,2022-03-01,0,0,0
TUV,2022-04-01,0,0,0
TUV,2022-05-01,0,0,0
TUV,2022-06-01,0,0,0
TUV,2022-07-01,0,0,0
TUV,2022-08-01,1,0,1
TUV,2022-09-01,0,0,0
TUV,2022-10-01,0,0,0
TUV,2022-11-01,0,0,0
TUV,2022-12-01,0,0,0
TUV,2023-01-01,0,0,0
TUV,2023-02-01,0,0,0
TUV,2023-03-01,0,0,0
TUV,2023-04-01,0,0,0
TUV,2023-05-01,1,1,0
TUV,2023-06-01,0,0,0
TUV,2023-07-01,0,0,0
TUV,2023-08-01,0,0,0
TUV,2023-09-01,2,1,1
TUV,2023-10-01,0,0,0
TUV,2023-11-01,1,1,0
TWN,2020-01-01,39631,18501,21130
TWN,2020-02-01,22342,10949,11393
TWN,2020-03-01,4291,2344,1947
TWN,2020-04-01,3,3,0
TWN,2020-05-01,2,0,2
TWN,2020-06-01,12,7,5
TWN,2020-07-01,71,47,24
TWN,2020-08-01,76,46,30
TWN,2020-09-01,102,67,35
TWN,2020-10-01,142,99,43
TWN,2020-11-01,103,80,23
TWN,2020-12-01,85,60,25
TWN,2021-01-01,90,52,38
TWN,2021-02-01,86,63,23
TWN,2021-03-01,122,78,44
TWN,2021-04-01,108,79,29
TWN,2021-05-01,77,56,21
TWN,2021-06-01,46,29,17
TWN,2021-07-01,62,33,29
TWN,2021-08-01,82,61,21
TWN,2021-09-01,53,37,16
TWN,2021-10-01,84,52,32
TWN,2021-11-01,123,74,49
TWN,2021-12-01,228,139,89
TWN,2022-01-01,238,134,104
TWN,2022-02-01,341,218,123
TWN,2022-03-01,275,173,102
TWN,2022-04-01,1870,986,884
TWN,2022-05-01,3080,1492,1588
TWN,2022-06-01,3799,1805,1994
TWN,2022-07-01,5364,2649,2715
TWN,2022-08-01,6622,3387,3235
TWN,2022-09-01,8919,4169,4750
TWN,2022-10-01,8672,4398,4274
TWN,2022-11-01,9151,4792,4359
TWN,2022-12-01,10586,5354,5232
TWN,2023-01-01,23038,10886,12152
TWN,2023-02-01,16675,8259,8416
TWN,2023-03-01,18825,9165,9660
TWN,2023-04-01,22879,10757,12122
TWN,2023-05-01,23823,11480,12343
TWN,2023-06-01,27900,12736,15164
TWN,2023-07-01,39093,18190,20903
TWN,2023-08-01,35827,17068,18759
TWN,2023-09-01,28336,13381,14955
TWN,2023-10-01,29620,13500,16120
TWN,2023-11-01,26972,12245,14727
TZA,2020-01-01,322,174,148
TZA,2020-02-01,193,105,88
TZA,2020-03-01,83,40,43
TZA,2020-04-01,0,0,0
TZA,2020-05-01,0,0,0
TZA,2020-06-01,0,0,0
TZA,2020-07-01,0,0,0
TZA,2020-08-01,1,1,0
TZA,2020-09-01,7,3,4
TZA,2020-10-01,2,1,1
TZA,2020-11-01,3,2,1
TZA,2020-12-01,4,1,3
TZA,2021-01-01,7,2,5
TZA,2021-02-01,3,2,1
TZA,2021-03-01,38,20,18
TZA,2021-04-01,32,14,18
TZA,2021-05-01,16,8,8
TZA,2021-06-01,6,5,1
TZA,2021-07-01,7,4,3
TZA,2021-08-01,16,14,2
TZA,2021-09-01,16,11,5
TZA,2021-10-01,11,2,9
TZA,2021-11-01,26,20,6
TZA,2021-12-01,36,14,22
TZA,2022-01-01,41,20,21
TZA,2022-02-01,22,13,9
TZA,2022-03-01,43,26,17
TZA,2022-04-01,46,22,24
TZA,2022-05-01,74,34,40
TZA,2022-06-01,75,34,41
TZA,2022-07-01,78,32,46
TZA,2022-08-01,86,45,41
TZA,2022-09-01,150,87,63
TZA,2022-10-01,190,113,77
TZA,2022-11-01,150,68,82
TZA,2022-12-01,202,94,108
TZA,2023-01-01,140,68,72
TZA,2023-02-01,122,67,55
TZA,2023-03-01,130,69,61
TZA,2023-04-01,107,51,56
TZA,2023-05-01,162,82,80
TZA,2023-06-01,161,85,76
TZA,2023-07-01,255,132,123
TZA,2023-08-01,248,135,113
TZA,2023-09-01,317,189,128
TZA,2023-10-01,286,133,153
TZA,2023-11-01,286,164,122
UGA,2020-01-01,187,80,107
UGA,2020-02-01,94,47,47
UGA,2020-03-01,56,31,25
UGA,2020-04-01,0,0,0
UGA,2020-05-01,0,0,0
UGA,2020-06-01,0,0,0
UGA,2020-07-01,0,0,0
UGA,2020-08-01,0,0,0
UGA,2020-09-01,0,0,0
UGA,2020-10-01,0,0,0
UGA,2020-11-01,1,1,0
UGA,2020-12-01,1,1,0
UGA,2021-01-01,3,3,0
UGA,2021-02-01,1,0,1
UGA,2021-03-01,5,3,2
UGA,2021-04-01,9,3,6
UGA,2021-05-01,4,1,3
UGA,2021-06-01,5,0,5
UGA,2021-07-01,1,1,0
UGA,2021-08-01,2,1,1
UGA,2021-09-01,7,2,5
UGA,2021-10-01,5,4,1
UGA,2021-11-01,3,3,0
UGA,2021-12-01,15,10,5
UGA,2022-01-01,17,7,10
UGA,2022-02-01,12,7,5
UGA,2022-03-01,20,17,3
UGA,2022-04-01,24,14,10
UGA,2022-05-01,50,23,27
UGA,2022-06-01,41,21,20
UGA,2022-07-01,52,21,31
UGA,2022-08-01,62,31,31
UGA,2022-09-01,66,34,32
UGA,2022-10-01,107,55,52
UGA,2022-11-01,96,58,38
UGA,2022-12-01,137,64,73
UGA,2023-01-01,99,43,56
UGA,2023-02-01,82,43,39
UGA,2023-03-01,86,41,45
UGA,2023-04-01,90,32,58
UGA,2023-05-01,124,67,57
UGA,2023-06-01,127,62,65
UGA,2023-07-01,151,77,74
UGA,2023-08-01,138,54,84
UGA,2023-09-01,175,73,102
UGA,2023-10-01,184,90,94
UGA,2023-11-01,149,60,89
UKR,2020-01-01,2951,1430,1521
UKR,2020-02-01,2771,1389,1382
UKR,2020-03-01,1269,663,606
UKR,2020-04-01,0,0,0
UKR,2020-05-01,12,12,0
UKR,2020-06-01,12,11,1
UKR,2020-07-01,204,204,0
UKR,2020-08-01,102,101,1
UKR,2020-09-01,143,141,2
UKR,2020-10-01,67,64,3
UKR,2020-11-01,47,47,0
UKR,2020-12-01,75,74,1
UKR,2021-01-01,93,84,9
UKR,2021-02-01,83,80,3
UKR,2021-03-01,71,68,3
UKR,2021-04-01,71,70,1
UKR,2021-05-01,63,59,4
UKR,2021-06-01,50,49,1
UKR,2021-07-01,32,29,3
UKR,2021-08-01,100,95,5
UKR,2021-09-01,51,47,4
UKR,2021-10-01,46,34,12
UKR,2021-11-01,47,39,8
UKR,2021-12-01,93,89,4
UKR,2022-01-01,103,82,21
UKR,2022-02-01,77,69,8
UKR,2022-03-01,52,32,20
UKR,2022-04-01,206,97,109
UKR,2022-05-01,325,161,164
UKR,2022-06-01,374,204,170
UKR,2022-07-01,480,248,232
UKR,2022-08-01,573,308,265
UKR,2022-09-01,632,336,296
UKR,2022-10-01,748,395,353
UKR,2022-11-01,915,456,459
UKR,2022-12-01,947,467,480
UKR,2023-01-01,1208,569,639
UKR,2023-02-01,1261,594,667
UKR,2023-03-01,1418,663,755
UKR,2023-04-01,1307,568,739
UKR,2023-05-01,1085,513,572
UKR,2023-06-01,713,392,321
UKR,2023-07-01,1016,539,477
UKR,2023-08-01,1128,565,563
UKR,2023-09-01,1027,537,490
UKR,2023-10-01,1063,515,548
UKR,2023-11-01,1108,550,558
URY,2020-01-01,95,46,49
URY,2020-02-01,78,34,44
URY,2020-03-01,306,133,173
URY,2020-04-01,0,0,0
URY,2020-05-01,0,0,0
URY,2020-06-01,0,0,0
URY,2020-07-01,0,0,0
URY,2020-08-01,0,0,0
URY,2020-09-01,0,0,0
URY,2020-10-01,0,0,0
URY,2020-11-01,1,1,0
URY,2020-12-01,0,0,0
URY,2021-01-01,0,0,0
URY,2021-02-01,0,0,0
URY,2021-03-01,0,0,0
URY,2021-04-01,0,0,0
URY,2021-05-01,0,0,0
URY,2021-06-01,0,0,0
URY,2021-07-01,0,0,0
URY,2021-08-01,0,0,0
URY,2021-09-01,1,0,1
URY,2021-10-01,2,0,2
URY,2021-11-01,0,0,0
URY,2021-12-01,6,3,3
URY,2022-01-01,0,0,0
URY,2022-02-01,1,0,1
URY,2022-03-01,1,1,0
URY,2022-04-01,18,8,10
URY,2022-05-01,12,6,6
URY,2022-06-01,21,11,10
URY,2022-07-01,33,20,13
URY,2022-08-01,17,8,9
URY,2022-09-01,20,10,10
URY,2022-10-01,60,24,36
URY,2022-11-01,50,20,30
URY,2022-12-01,49,26,23
URY,2023-01-01,69,34,35
URY,2023-02-01,188,83,105
URY,2023-03-01,193,74,119
URY,2023-04-01,205,89,116
URY,2023-05-01,290,149,141
URY,2023-06-01,46,23,23
URY,2023-07-01,49,24,25
URY,2023-08-01,84,53,31
URY,2023-09-01,41,22,19
URY,2023-10-01,70,41,29
URY,2023-11-01,82,34,48
USA,2020-01-01,29180,16770,12410
USA,2020-02-01,17482,10503,6979
USA,2020-03-01,6841,4312,2529
USA,2020-04-01,16,13,3
USA,2020-05-01,23,19,4
USA,2020-06-01,50,39,11
USA,2020-07-01,195,136,59
USA,2020-08-01,139,87,52
USA,2020-09-01,181,106,75
USA,2020-10-01,111,85,26
USA,2020-11-01,116,85,31
USA,2020-12-01,122,80,42
USA,2021-01-01,188,140,48
USA,2021-02-01,121,83,38
USA,2021-03-01,156,114,42
USA,2021-04-01,170,120,50
USA,2021-05-01,159,108,51
USA,2021-06-01,159,101,58
USA,2021-07-01,461,234,227
USA,2021-08-01,273,164,109
USA,2021-09-01,238,150,88
USA,2021-10-01,264,192,72
USA,2021-11-01,335,229,106
USA,2021-12-01,741,474,267
USA,2022-01-01,1096,665,431
USA,2022-02-01,692,458,234
USA,2022-03-01,927,633,294
USA,2022-04-01,5049,3249,1800
USA,2022-05-01,8700,5486,3214
USA,2022-06-01,12643,7562,5081
USA,2022-07-01,16053,9335,6718
USA,2022-08-01,14341,8807,5534
USA,2022-09-01,13778,8581,5197
USA,2022-10-01,16881,10346,6535
USA,2022-11-01,17239,10349,6890
USA,2022-12-01,19137,11096,8041
USA,2023-01-01,20483,11858,8625
USA,2023-02-01,18243,11006,7237
USA,2023-03-01,21570,12622,8948
USA,2023-04-01,18592,10862,7730
USA,2023-05-01,19788,11797,7991
USA,2023-06-01,20440,11820,8620
USA,2023-07-01,28263,15865,12398
USA,2023-08-01,22168,13162,9006
USA,2023-09-01,21031,12539,8492
USA,2023-10-01,21696,12725,8971
USA,2023-11-01,23396,13724,9672
UZB,2020-01-01,2306,1357,949
UZB,2020-02-01,1287,784,503
UZB,2020-03-01,506,304,202
UZB,2020-04-01,0,0,0
UZB,2020-05-01,0,0,0
UZB,2020-06-01,0,0,0
UZB,2020-07-01,1,0,1
UZB,2020-08-01,3,3,0
UZB,2020-09-01,9,4,5
UZB,2020-10-01,5,4,1
UZB,2020-11-01,1,0,1
UZB,2020-12-01,4,2,2
UZB,2021-01-01,14,7,7
UZB,2021-02-01,10,5,5
UZB,2021-03-01,14,11,3
UZB,2021-04-01,13,12,1
UZB,2021-05-01,15,14,1
UZB,2021-06-01,8,3,5
UZB,2021-07-01,4,3,1
UZB,2021-08-01,9,5,4
UZB,2021-09-01,12,8,4
UZB,2021-10-01,36,26,10
UZB,2021-11-01,17,11,6
UZB,2021-12-01,45,30,15
UZB,2022-01-01,45,27,18
UZB,2022-02-01,39,26,13
UZB,2022-03-01,24,20,4
UZB,2022-04-01,111,56,55
UZB,2022-05-01,160,95,65
UZB,2022-06-01,242,106,136
UZB,2022-07-01,609,324,285
UZB,2022-08-01,853,501,352
UZB,2022-09-01,809,510,299
UZB,2022-10-01,620,384,236
UZB,2022-11-01,1102,726,376
UZB,2022-12-01,1660,981,679
UZB,2023-01-01,2086,1317,769
UZB,2023-02-01,1450,864,586
UZB,2023-03-01,1486,916,570
UZB,2023-04-01,782,473,309
UZB,2023-05-01,959,610,349
UZB,2023-06-01,958,574,384
UZB,2023-07-01,1683,1010,673
UZB,2023-08-01,1401,844,557
UZB,2023-09-01,1085,635,450
UZB,2023-10-01,990,608,382
UZB,2023-11-01,1379,852,527
VAT,2020-01-01,3,3,0
VAT,2020-02-01,2,2,0
VAT,2020-03-01,0,0,0
VAT,2020-04-01,0,0,0
VAT,2020-05-01,0,0,0
VAT,2020-06-01,0,0,0
VAT,2020-07-01,0,0,0
VAT,2020-08-01,0,0,0
VAT,2020-09-01,1,1,0
VAT,2020-10-01,0,0,0
VAT,2020-11-01,0,0,0
VAT,2020-12-01,0,0,0
VAT,2021-01-01,1,1,0
VAT,2021-02-01,0,0,0
VAT,2021-03-01,1,1,0
VAT,2021-04-01,0,0,0
VAT,2021-05-01,0,0,0
VAT,2021-06-01,1,1,0
VAT,2021-07-01,1,1,0
VAT,2021-08-01,0,0,0
VAT,2021-09-01,0,0,0
VAT,2021-10-01,0,0,0
VAT,2021-11-01,0,0,0
VAT,2021-12-01,1,1,0
VAT,2022-01-01,0,0,0
VAT,2022-02-01,1,1,0
VAT,2022-03-01,0,0,0
VAT,2022-04-01,0,0,0
VAT,2022-05-01,1,0,1
VAT,2022-06-01,1,1,0
VAT,2022-07-01,1,1,0
VAT,2022-08-01,0,0,0
VAT,2022-09-01,2,2,0
VAT,2022-10-01,0,0,0
VAT,2022-11-01,2,2,0
VAT,2022-12-01,2,2,0
VAT,2023-01-01,0,0,0
VAT,2023-02-01,1,1,0
VAT,2023-03-01,0,0,0
VAT,2023-04-01,0,0,0
VAT,2023-05-01,1,1,0
VAT,2023-06-01,0,0,0
VAT,2023-07-01,0,0,0
VAT,2023-08-01,0,0,0
VAT,2023-09-01,1,1,0
VAT,2023-10-01,0,0,0
VAT,2023-11-01,0,0,0
VCT,2020-01-01,1,0,1
VCT,2020-02-01,4,3,1
VCT,2020-03-01,0,0,0
VCT,2020-04-01,0,0,0
VCT,2020-05-01,0,0,0
VCT,2020-06-01,0,0,0
VCT,2020-07-01,0,0,0
VCT,2020-08-01,0,0,0
VCT,2020-09-01,0,0,0
VCT,2020-10-01,0,0,0
VCT,2020-11-01,0,0,0
VCT,2020-12-01,0,0,0
VCT,2021-01-01,0,0,0
VCT,2021-02-01,0,0,0
VCT,2021-03-01,0,0,0
VCT,2021-04-01,0,0,0
VCT,2021-05-01,0,0,0
VCT,2021-06-01,0,0,0
VCT,2021-07-01,0,0,0
VCT,2021-08-01,0,0,0
VCT,2021-09-01,0,0,0
VCT,2021-10-01,0,0,0
VCT,2021-11-01,0,0,0
VCT,2021-12-01,0,0,0
VCT,2022-01-01,0,0,0
VCT,2022-02-01,0,0,0
VCT,2022-03-01,0,0,0
VCT,2022-04-01,0,0,0
VCT,2022-05-01,1,1,0
VCT,2022-06-01,0,0,0
VCT,2022-07-01,0,0,0
VCT,2022-08-01,5,3,2
VCT,2022-09-01,1,1,0
VCT,2022-10-01,0,0,0
VCT,2022-11-01,1,0,1
VCT,2022-12-01,1,1,0
VCT,2023-01-01,4,1,3
VCT,2023-02-01,1,1,0
VCT,2023-03-01,4,4,0
VCT,2023-04-01,3,3,0
VCT,2023-05-01,5,5,0
VCT,2023-06-01,14,4,10
VCT,2023-07-01,5,0,5
VCT,2023-08-01,1,1,0
VCT,2023-09-01,2,1,1
VCT,2023-10-01,1,0,1
VCT,2023-11-01,0,0,0
VEN,2020-01-01,144,84,60
VEN,2020-02-01,122,72,50
VEN,2020-03-01,51,27,24
VEN,2020-04-01,0,0,0
VEN,2020-05-01,0,0,0
VEN,2020-06-01,2,1,1
VEN,2020-07-01,1,1,0
VEN,2020-08-01,0,0,0
VEN,2020-09-01,1,0,1
VEN,2020-10-01,1,1,0
VEN,2020-11-01,0,0,0
VEN,2020-12-01,1,1,0
VEN,2021-01-01,4,4,0
VEN,2021-02-01,1,1,0
VEN,2021-03-01,2,2,0
VEN,2021-04-01,2,2,0
VEN,2021-05-01,4,4,0
VEN,2021-06-01,0,0,0
VEN,2021-07-01,4,4,0
VEN,2021-08-01,7,5,2
VEN,2021-09-01,5,3,2
VEN,2021-10-01,1,1,0
VEN,2021-11-01,3,2,1
VEN,2021-12-01,4,4,0
VEN,2022-01-01,19,9,10
VEN,2022-02-01,6,4,2
VEN,2022-03-01,14,10,4
VEN,2022-04-01,23,13,10
VEN,2022-05-01,47,28,19
VEN,2022-06-01,44,31,13
VEN,2022-07-01,38,21,17
VEN,2022-08-01,63,30,33
VEN,2022-09-01,60,38,22
VEN,2022-10-01,88,62,26
VEN,2022-11-01,56,31,25
VEN,2022-12-01,72,35,37
VEN,2023-01-01,106,51,55
VEN,2023-02-01,72,36,36
VEN,2023-03-01,94,54,40
VEN,2023-04-01,99,57,42
VEN,2023-05-01,118,72,46
VEN,2023-06-01,85,51,34
VEN,2023-07-01,135,71,64
VEN,2023-08-01,112,65,47
VEN,2023-09-01,107,50,57
VEN,2023-10-01,111,63,48
VEN,2023-11-01,96,54,42
VNM,2020-01-01,33278,11376,21902
VNM,2020-02-01,28011,8694,19317
VNM,2020-03-01,9951,2603,7348
VNM,2020-04-01,16,4,12
VNM,2020-05-01,50,3,47
VNM,2020-06-01,32,30,2
VNM,2020-07-01,167,4,163
VNM,2020-08-01,109,47,62
VNM,2020-09-01,98,26,72
VNM,2020-10-01,98,42,56
VNM,2020-11-01,173,44,129
VNM,2020-12-01,96,53,43
VNM,2021-01-01,103,29,74
VNM,2021-02-01,81,24,57
VNM,2021-03-01,133,52,81
VNM,2021-04-01,120,31,89
VNM,2021-05-01,109,44,65
VNM,2021-06-01,65,23,42
VNM,2021-07-01,54,19,35
VNM,2021-08-01,35,22,13
VNM,2021-09-01,58,22,36
VNM,2021-10-01,155,62,93
VNM,2021-11-01,134,51,83
VNM,2021-12-01,258,66,192
VNM,2022-01-01,288,69,219
VNM,2022-02-01,531,150,381
VNM,2022-03-01,863,245,618
VNM,2022-04-01,7733,2383,5350
VNM,2022-05-01,13659,3971,9688
VNM,2022-06-01,20944,6562,14382
VNM,2022-07-01,27639,9144,18495
VNM,2022-08-01,29688,10559,19129
VNM,2022-09-01,26313,8553,17760
VNM,2022-10-01,26678,8846,17832
VNM,2022-11-01,23411,7550,15861
VNM,2022-12-01,22375,6533,15842
VNM,2023-01-01,25067,7607,17460
VNM,2023-02-01,26281,8506,17775
VNM,2023-03-01,34209,10831,23378
VNM,2023-04-01,29742,9924,19818
VNM,2023-05-01,39323,12627,26696
VNM,2023-06-01,34515,12013,22502
VNM,2023-07-01,49792,18376,31416
VNM,2023-08-01,43537,15913,27624
VNM,2023-09-01,33736,11622,22114
VNM,2023-10-01,31667,10336,21331
VNM,2023-11-01,29124,9826,19298
VUT,2020-01-01,115,87,28
VUT,2020-02-01,68,61,7
VUT,2020-03-01,42,41,1
VUT,2020-04-01,0,0,0
VUT,2020-05-01,0,0,0
VUT,2020-06-01,0,0,0
VUT,2020-07-01,0,0,0
VUT,2020-08-01,0,0,0
VUT,2020-09-01,1,1,0
VUT,2020-10-01,0,0,0
VUT,2020-11-01,0,0,0
VUT,2020-12-01,0,0,0
VUT,2021-01-01,0,0,0
VUT,2021-02-01,1,1,0
VUT,2021-03-01,1,1,0
VUT,2021-04-01,0,0,0
VUT,2021-05-01,0,0,0
VUT,2021-06-01,0,0,0
VUT,2021-07-01,0,0,0
VUT,2021-08-01,0,0,0
VUT,2021-09-01,1,1,0
VUT,2021-10-01,0,0,0
VUT,2021-11-01,0,0,0
VUT,2021-12-01,6,4,2
VUT,2022-01-01,1,1,0
VUT,2022-02-01,4,4,0
VUT,2022-03-01,3,3,0
VUT,2022-04-01,13,13,0
VUT,2022-05-01,58,43,15
VUT,2022-06-01,39,33,6
VUT,2022-07-01,35,29,6
VUT,2022-08-01,62,44,18
VUT,2022-09-01,65,51,14
VUT,2022-10-01,72,52,20
VUT,2022-11-01,67,57,10
VUT,2022-12-01,81,57,24
VUT,2023-01-01,87,61,26
VUT,2023-02-01,60,50,10
VUT,2023-03-01,112,82,30
VUT,2023-04-01,87,72,15
VUT,2023-05-01,99,85,14
VUT,2023-06-01,87,69,18
VUT,2023-07-01,102,79,23
VUT,2023-08-01,165,128,37
VUT,2023-09-01,174,154,20
VUT,2023-10-01,146,111,35
VUT,2023-11-01,131,107,24
WSM,2020-01-01,5,4,1
WSM,2020-02-01,3,1,2
WSM,2020-03-01,1,0,1
WSM,2020-04-01,0,0,0
WSM,2020-05-01,0,0,0
WSM,2020-06-01,0,0,0
WSM,2020-07-01,0,0,0
WSM,2020-08-01,0,0,0
WSM,2020-09-01,0,0,0
WSM,2020-10-01,0,0,0
WSM,2020-11-01,0,0,0
WSM,2020-12-01,0,0,0
WSM,2021-01-01,0,0,0
WSM,2021-02-01,0,0,0
WSM,2021-03-01,0,0,0
WSM,2021-04-01,0,0,0
WSM,2021-05-01,0,0,0
WSM,2021-06-01,0,0,0
WSM,2021-07-01,0,0,0
WSM,2021-08-01,0,0,0
WSM,2021-09-01,0,0,0
WSM,2021-10-01,0,0,0
WSM,2021-11-01,0,0,0
WSM,2021-12-01,0,0,0
WSM,2022-01-01,0,0,0
WSM,2022-02-01,0,0,0
WSM,2022-03-01,0,0,0
WSM,2022-04-01,0,0,0
WSM,2022-05-01,1,0,1
WSM,2022-06-01,1,0,1
WSM,2022-07-01,1,1,0
WSM,2022-08-01,2,2,0
WSM,2022-09-01,7,5,2
WSM,2022-10-01,10,5,5
WSM,2022-11-01,8,6,2
WSM,2022-12-01,2,0,2
WSM,2023-01-01,0,0,0
WSM,2023-02-01,2,2,0
WSM,2023-03-01,6,3,3
WSM,2023-04-01,4,1,3
WSM,2023-05-01,2,0,2
WSM,2023-06-01,4,3,1
WSM,2023-07-01,9,3,6
WSM,2023-08-01,3,0,3
WSM,2023-09-01,7,4,3
WSM,2023-10-01,5,4,1
WSM,2023-11-01,10,2,8
XXX,2020-01-01,1352,799,553
XXX,2020-02-01,1048,611,437
XXX,2020-03-01,545,328,217
XXX,2020-04-01,0,0,0
XXX,2020-05-01,4,3,1
XXX,2020-06-01,4,2,2
XXX,2020-07-01,16,14,2
XXX,2020-08-01,20,14,6
XXX,2020-09-01,9,6,3
XXX,2020-10-01,14,9,5
XXX,2020-11-01,9,7,2
XXX,2020-12-01,13,8,5
XXX,2021-01-01,20,11,9
XXX,2021-02-01,10,7,3
XXX,2021-03-01,14,10,4
XXX,2021-04-01,10,7,3
XXX,2021-05-01,8,8,0
XXX,2021-06-01,6,5,1
XXX,2021-07-01,9,7,2
XXX,2021-08-01,13,4,9
XXX,2021-09-01,19,10,9
XXX,2021-10-01,24,17,7
XXX,2021-11-01,18,13,5
XXX,2021-12-01,24,13,11
XXX,2022-01-01,69,47,22
XXX,2022-02-01,29,19,10
XXX,2022-03-01,60,39,21
XXX,2022-04-01,177,103,74
XXX,2022-05-01,352,233,119
XXX,2022-06-01,341,195,146
XXX,2022-07-01,427,239,188
XXX,2022-08-01,430,268,162
XXX,2022-09-01,488,295,193
XXX,2022-10-01,551,333,218
XXX,2022-11-01,528,314,214
XXX,2022-12-01,586,349,237
XXX,2023-01-01,642,392,250
XXX,2023-02-01,611,364,247
XXX,2023-03-01,588,350,238
XXX,2023-04-01,575,350,225
XXX,2023-05-01,615,364,251
XXX,2023-06-01,514,306,208
XXX,2023-07-01,581,320,261
XXX,2023-08-01,685,395,290
XXX,2023-09-01,571,355,216
XXX,2023-10-01,574,365,209
XXX,2023-11-01,640,383,257
YEM,2020-01-01,2412,1660,752
YEM,2020-02-01,3060,2358,702
YEM,2020-03-01,841,620,221
YEM,2020-04-01,0,0,0
YEM,2020-05-01,1,0,1
YEM,2020-06-01,0,0,0
YEM,2020-07-01,8,8,0
YEM,2020-08-01,14,12,2
YEM,2020-09-01,25,20,5
YEM,2020-10-01,26,19,7
YEM,2020-11-01,14,12,2
YEM,2020-12-01,28,23,5
YEM,2021-01-01,23,19,4
YEM,2021-02-01,48,39,9
YEM,2021-03-01,83,70,13
YEM,2021-04-01,96,77,19
YEM,2021-05-01,52,38,14
YEM,2021-06-01,38,35,3
YEM,2021-07-01,19,14,5
YEM,2021-08-01,63,40,23
YEM,2021-09-01,98,69,29
YEM,2021-10-01,206,165,41
YEM,2021-11-01,190,150,40
YEM,2021-12-01,285,204,81
YEM,2022-01-01,316,216,100
YEM,2022-02-01,376,260,116
YEM,2022-03-01,360,259,101
YEM,2022-04-01,720,497,223
YEM,2022-05-01,1059,711,348
YEM,2022-06-01,1181,767,414
YEM,2022-07-01,1201,758,443
YEM,2022-08-01,1527,974,553
YEM,2022-09-01,1309,916,393
YEM,2022-10-01,1230,932,298
YEM,2022-11-01,1296,899,397
YEM,2022-12-01,924,646,278
YEM,2023-01-01,1112,782,330
YEM,2023-02-01,1045,763,282
YEM,2023-03-01,1020,757,263
YEM,2023-04-01,959,654,305
YEM,2023-05-01,1231,854,377
YEM,2023-06-01,1591,967,624
YEM,2023-07-01,1615,1018,597
YEM,2023-08-01,1770,1150,620
YEM,2023-09-01,1510,1090,420
YEM,2023-10-01,1752,1329,423
YEM,2023-11-01,1653,1164,489
ZAF,2020-01-01,2676,1441,1235
ZAF,2020-02-01,1358,782,576
ZAF,2020-03-01,701,455,246
ZAF,2020-04-01,0,0,0
ZAF,2020-05-01,1,1,0
ZAF,2020-06-01,14,6,8
ZAF,2020-07-01,12,7,5
ZAF,2020-08-01,16,11,5
ZAF,2020-09-01,23,14,9
ZAF,2020-10-01,32,25,7
ZAF,2020-11-01,17,15,2
ZAF,2020-12-01,26,17,9
ZAF,2021-01-01,28,21,7
ZAF,2021-02-01,55,52,3
ZAF,2021-03-01,71,53,18
ZAF,2021-04-01,43,34,9
ZAF,2021-05-01,33,25,8
ZAF,2021-06-01,24,15,9
ZAF,2021-07-01,24,14,10
ZAF,2021-08-01,30,20,10
ZAF,2021-09-01,61,48,13
ZAF,2021-10-01,38,25,13
ZAF,2021-11-01,44,32,12
ZAF,2021-12-01,38,25,13
ZAF,2022-01-01,108,69,39
ZAF,2022-02-01,71,42,29
ZAF,2022-03-01,97,64,33
ZAF,2022-04-01,525,317,208
ZAF,2022-05-01,690,412,278
ZAF,2022-06-01,747,440,307
ZAF,2022-07-01,960,551,409
ZAF,2022-08-01,1001,570,431
ZAF,2022-09-01,970,566,404
ZAF,2022-10-01,1410,898,512
ZAF,2022-11-01,1088,666,422
ZAF,2022-12-01,2618,1355,1263
ZAF,2023-01-01,1674,893,781
ZAF,2023-02-01,1134,672,462
ZAF,2023-03-01,1185,703,482
ZAF,2023-04-01,1663,848,815
ZAF,2023-05-01,1167,695,472
ZAF,2023-06-01,1265,718,547
ZAF,2023-07-01,1773,998,775
ZAF,2023-08-01,1403,781,622
ZAF,2023-09-01,1592,944,648
ZAF,2023-10-01,1530,900,630
ZAF,2023-11-01,1587,992,595
ZAR,2020-01-01,0,0,0
ZAR,2020-02-01,1,0,1
ZAR,2020-03-01,0,0,0
ZAR,2020-04-01,0,0,0
ZAR,2020-05-01,0,0,0
ZAR,2020-06-01,0,0,0
ZAR,2020-07-01,0,0,0
ZAR,2020-08-01,0,0,0
ZAR,2020-09-01,0,0,0
ZAR,2020-10-01,0,0,0
ZAR,2020-11-01,0,0,0
ZAR,2020-12-01,0,0,0
ZAR,2021-01-01,0,0,0
ZAR,2021-02-01,0,0,0
ZAR,2021-03-01,0,0,0
ZAR,2021-04-01,0,0,0
ZAR,2021-05-01,0,0,0
ZAR,2021-06-01,0,0,0
ZAR,2021-07-01,0,0,0
ZAR,2021-08-01,0,0,0
ZAR,2021-09-01,0,0,0
ZAR,2021-10-01,0,0,0
ZAR,2021-11-01,0,0,0
ZAR,2021-12-01,0,0,0
ZAR,2022-01-01,0,0,0
ZAR,2022-02-01,0,0,0
ZAR,2022-03-01,0,0,0
ZAR,2022-04-01,0,0,0
ZAR,2022-05-01,0,0,0
ZAR,2022-06-01,0,0,0
ZAR,2022-07-01,0,0,0
ZAR,2022-08-01,0,0,0
ZAR,2022-09-01,0,0,0
ZAR,2022-10-01,0,0,0
ZAR,2022-11-01,0,0,0
ZAR,2022-12-01,1,0,1
ZAR,2023-01-01,0,0,0
ZAR,2023-02-01,0,0,0
ZAR,2023-03-01,0,0,0
ZAR,2023-04-01,0,0,0
ZAR,2023-05-01,0,0,0
ZAR,2023-06-01,0,0,0
ZAR,2023-07-01,1,1,0
ZAR,2023-08-01,0,0,0
ZAR,2023-09-01,0,0,0
ZAR,2023-10-01,0,0,0
ZAR,2023-11-01,1,1,0
ZMB,2020-01-01,113,58,55
ZMB,2020-02-01,81,44,37
ZMB,2020-03-01,25,17,8
ZMB,2020-04-01,0,0,0
ZMB,2020-05-01,0,0,0
ZMB,2020-06-01,0,0,0
ZMB,2020-07-01,1,1,0
ZMB,2020-08-01,3,2,1
ZMB,2020-09-01,8,4,4
ZMB,2020-10-01,2,1,1
ZMB,2020-11-01,2,2,0
ZMB,2020-12-01,4,3,1
ZMB,2021-01-01,5,4,1
ZMB,2021-02-01,9,5,4
ZMB,2021-03-01,24,13,11
ZMB,2021-04-01,15,4,11
ZMB,2021-05-01,11,4,7
ZMB,2021-06-01,4,2,2
ZMB,2021-07-01,1,1,0
ZMB,2021-08-01,8,4,4
ZMB,2021-09-01,9,5,4
ZMB,2021-10-01,10,3,7
ZMB,2021-11-01,6,3,3
ZMB,2021-12-01,6,3,3
ZMB,2022-01-01,8,5,3
ZMB,2022-02-01,24,11,13
ZMB,2022-03-01,24,13,11
ZMB,2022-04-01,14,9,5
ZMB,2022-05-01,30,21,9
ZMB,2022-06-01,38,21,17
ZMB,2022-07-01,22,15,7
ZMB,2022-08-01,43,23,20
ZMB,2022-09-01,76,50,26
ZMB,2022-10-01,44,26,18
ZMB,2022-11-01,43,22,21
ZMB,2022-12-01,63,34,29
ZMB,2023-01-01,69,39,30
ZMB,2023-02-01,52,30,22
ZMB,2023-03-01,64,35,29
ZMB,2023-04-01,45,30,15
ZMB,2023-05-01,49,22,27
ZMB,2023-06-01,87,43,44
ZMB,2023-07-01,59,33,26
ZMB,2023-08-01,80,46,34
ZMB,2023-09-01,121,50,71
ZMB,2023-10-01,56,31,25
ZMB,2023-11-01,109,63,46
ZWE,2020-01-01,222,119,103
ZWE,2020-02-01,169,104,65
ZWE,2020-03-01,70,37,33
ZWE,2020-04-01,0,0,0
ZWE,2020-05-01,0,0,0
ZWE,2020-06-01,0,0,0
ZWE,2020-07-01,1,1,0
ZWE,2020-08-01,1,0,1
ZWE,2020-09-01,0,0,0
ZWE,2020-10-01,8,3,5
ZWE,2020-11-01,1,0,1
ZWE,2020-12-01,2,1,1
ZWE,2021-01-01,1,1,0
ZWE,2021-02-01,1,1,0
ZWE,2021-03-01,11,5,6
ZWE,2021-04-01,12,6,6
ZWE,2021-05-01,11,8,3
ZWE,2021-06-01,3,2,1
ZWE,2021-07-01,3,1,2
ZWE,2021-08-01,15,4,11
ZWE,2021-09-01,8,3,5
ZWE,2021-10-01,19,7,12
ZWE,2021-11-01,13,6,7
ZWE,2021-12-01,1,0,1
ZWE,2022-01-01,25,9,16
ZWE,2022-02-01,44,19,25
ZWE,2022-03-01,26,8,18
ZWE,2022-04-01,53,27,26
ZWE,2022-05-01,69,43,26
ZWE,2022-06-01,71,35,36
ZWE,2022-07-01,112,57,55
ZWE,2022-08-01,124,47,77
ZWE,2022-09-01,97,52,45
ZWE,2022-10-01,146,62,84
ZWE,2022-11-01,99,37,62
ZWE,2022-12-01,171,66,105
ZWE,2023-01-01,125,63,62
ZWE,2023-02-01,89,44,45
ZWE,2023-03-01,121,52,69
ZWE,2023-04-01,105,46,59
ZWE,2023-05-01,108,60,48
ZWE,2023-06-01,156,74,82
ZWE,2023-07-01,231,99,132
ZWE,2023-08-01,198,91,107
ZWE,2023-09-01,199,104,95
ZWE,2023-10-01,200,91,109
ZWE,2023-11-01,182,80,102
